736940546
460786694
443077131
875406356
1255519772
636446042
2261423649
1059232808
635823153
1559700018
936074803
1011951672
759563833
554851900
284631104
582445128
842746442
429042253
335594076
1198186080
705358955
1512080502
1023008887
1480482426
1110344828
756636288
2161489003
1228542600
926445709
635498126
542994064
633382547
2414277780
2704502941
484536990
1036332211
592229049
1885033674
38955720
785192137
1961749706
835543248
1049202385
703983314
1273580246
2487583354
854764256
1260573931
706086637
502311666
862337268
2452835573
577620218
2324064516
921883405
1582338318
1064503580
787667419
870960932
874521384
421879084
2269948717
2669137199
1062116659
757800757
1865338172
178747189
1076737860
629752140
622041741
1110458712
750418266
1041310046
755678048
1069713776
524897142
867058555
1212932478
870961549
781678993
1639691826
543088020
993794454
790710684
629739955
928911284
554698685
902715326
122475455
797476297
525845452
925961677
2147847631
878738384
905136086
722465240
378902489
480854863
1311347707
933243858
1518239424
509234690
528007787
1198666884
486077832
414731283
737527214
706272793
492719258
558183707
578521628
878031518
1099189412
564205486
499502378
1051368876
1682330797
956523566
518914223
1078107824
1855221553
617763635
962890676
616466741
552249526
1600256695
1051785272
1215653690
1593510206
1510530624
629892417
406012230
553409223
868166857
612155575
624128335
384487504
2869742162
629777235
1368037332
2174933943
1316912622
611399376
1041185118
2826570849
574738021
858764006
894396318
340585450
1255832683
416356077
2949928403
627085167
1238046578
2177295251
1103821687
739670904
552762196
548092284
969225853
582525984
610943863
367610891
35211557
358142507
467965614
1099544911
68457008
511337266
563393239
512705044
522656150
372617751
385632826
751815133
1037754846
512331551
517996930
2992176131
314687376
320589202
2399677715
976308373
364061206
118532518
463057066
826467518
799520450
1628542152
1514080592
27729016
248966226
1297229780
572598621
325294047
1031113188
102604136
397031920
573893105
481662712
347642364
