58261486
120327894
262360972
120327894
334993383
1063964017
74417000
74417000
768380431
242046527
156594920
768380431
768380431
71675638
790627525
293673128
206832380
120327894
120327894
373155877
131709086
366959229
84634838
708319700
16568241
110920497
120327894
620965481
989718254
74417000
397386925
1659074958
179711840
382184863
460536163
492511146
34827278
356625372
35834072
499086313
843994315
2155451028
45698701
613572746
488032805
221880913
563375255
40398774
26451519
254552973
1007644088
176204947
286503685
587669249
1018829778
492388370
179711840
843994315
19881311
558308178
558308178
75356276
843994315
843994315
1630906536
239892847
973300123
470974208
207296404
120327894
120327894
1038564589
120327894
120327894
770639552
185091406
1449278797
1857821527
439733369
503830275
95127823
120327894
120327894
180426501
120327894
869523318
869523318
120327894
120327894
626108026
840649788
626108026
245469728
187953380
377396013
487077964
263728592
2155451028
384052060
801470581
16535264
16535264
16535264
256349527
193155102
1866103183
870323894
573107341
470450388
504220475
1090393315
123379162
1090393315
479828589
27970716
504220475
387949689
549719051
549719051
1020970950
549719051
549719051
549719051
776977777
398591208
501466384
549719051
549719051
549719051
549719051
61568018
258957310
120327894
120327894
120327894
2259257397
382405956
120327894
38454964
110920497
713852245
713852245
120327894
69178632
523539873
120327894
17022537
541178538
120327894
1601878530
120327894
350489388
593259038
30144012
50390833
120327894
110920497
120327894
120327894
1635964549
57707109
286714608
47574752
843994315
798788186
60726440
40918920
120327894
120327894
262987311
120327894
843994315
1045758854
120327894
433807489
51543590
204505963
480828212
