470450388 870323894 736940546
470450388 870323894 460786694
470450388 870323894 443077131
470450388 870323894 875406356
470450388 870323894 1255519772
470450388 870323894 636446042
470450388 870323894 2261423649
470450388 870323894 1059232808
470450388 870323894 635823153
470450388 870323894 1559700018
470450388 870323894 936074803
470450388 870323894 1011951672
470450388 870323894 759563833
470450388 870323894 554851900
470450388 870323894 284631104
470450388 870323894 582445128
470450388 870323894 842746442
470450388 870323894 429042253
470450388 870323894 335594076
470450388 870323894 1198186080
470450388 870323894 705358955
470450388 870323894 1512080502
470450388 870323894 1023008887
470450388 870323894 1480482426
470450388 870323894 1110344828
470450388 870323894 756636288
470450388 870323894 2161489003
470450388 870323894 1228542600
470450388 870323894 926445709
470450388 870323894 635498126
470450388 870323894 542994064
470450388 870323894 633382547
470450388 870323894 2414277780
470450388 870323894 2704502941
470450388 870323894 484536990
470450388 870323894 1036332211
470450388 870323894 592229049
470450388 870323894 1885033674
470450388 870323894 38955720
470450388 870323894 785192137
470450388 870323894 1961749706
470450388 870323894 835543248
470450388 870323894 1049202385
470450388 870323894 703983314
470450388 870323894 1273580246
470450388 870323894 2487583354
470450388 870323894 854764256
470450388 870323894 1260573931
470450388 870323894 706086637
470450388 870323894 502311666
470450388 870323894 862337268
470450388 870323894 2452835573
470450388 870323894 577620218
470450388 870323894 2324064516
470450388 870323894 921883405
470450388 870323894 1582338318
470450388 870323894 1064503580
470450388 870323894 787667419
470450388 870323894 870960932
470450388 870323894 874521384
470450388 870323894 421879084
470450388 870323894 2269948717
470450388 870323894 2669137199
470450388 870323894 1062116659
470450388 870323894 757800757
470450388 870323894 1865338172
470450388 870323894 178747189
470450388 870323894 1076737860
470450388 870323894 629752140
470450388 870323894 622041741
470450388 870323894 1110458712
470450388 870323894 750418266
470450388 870323894 1041310046
470450388 870323894 755678048
470450388 870323894 1069713776
470450388 870323894 524897142
470450388 870323894 867058555
470450388 870323894 1212932478
470450388 870323894 870961549
470450388 870323894 781678993
470450388 870323894 1639691826
470450388 870323894 543088020
470450388 870323894 993794454
470450388 870323894 790710684
470450388 870323894 629739955
470450388 870323894 928911284
470450388 870323894 554698685
470450388 870323894 902715326
470450388 870323894 122475455
470450388 870323894 797476297
470450388 870323894 525845452
470450388 870323894 925961677
470450388 870323894 2147847631
470450388 870323894 878738384
470450388 870323894 905136086
470450388 870323894 722465240
470450388 870323894 378902489
470450388 870323894 480854863
470450388 870323894 1311347707
1063964017 258957310 933243858
1063964017 258957310 1518239424
1063964017 258957310 509234690
1063964017 258957310 528007787
1063964017 258957310 1198666884
1063964017 258957310 486077832
1063964017 258957310 414731283
1063964017 258957310 737527214
1063964017 258957310 706272793
1063964017 258957310 492719258
1063964017 258957310 558183707
1063964017 258957310 578521628
1063964017 258957310 878031518
1063964017 258957310 1099189412
1063964017 258957310 564205486
1063964017 258957310 499502378
1063964017 258957310 1051368876
1063964017 258957310 1682330797
1063964017 258957310 956523566
1063964017 258957310 518914223
1063964017 258957310 1078107824
1063964017 258957310 1855221553
1063964017 258957310 617763635
1063964017 258957310 962890676
1063964017 258957310 616466741
1063964017 258957310 552249526
1063964017 258957310 1600256695
1063964017 258957310 1051785272
1063964017 258957310 1215653690
1063964017 258957310 1593510206
1063964017 258957310 1510530624
1063964017 258957310 629892417
1063964017 258957310 406012230
1063964017 258957310 553409223
1063964017 258957310 868166857
1063964017 258957310 612155575
1063964017 258957310 624128335
1063964017 258957310 384487504
1063964017 258957310 2869742162
1063964017 258957310 629777235
1063964017 258957310 1368037332
1063964017 258957310 2174933943
1063964017 258957310 1316912622
1063964017 258957310 611399376
1063964017 258957310 1041185118
1063964017 258957310 2826570849
1063964017 258957310 574738021
1063964017 258957310 858764006
1063964017 258957310 894396318
1063964017 258957310 340585450
1063964017 258957310 1255832683
1063964017 258957310 416356077
1063964017 258957310 2949928403
1063964017 258957310 627085167
1063964017 258957310 1238046578
1063964017 258957310 2177295251
1063964017 258957310 1103821687
1063964017 258957310 739670904
1063964017 258957310 552762196
1063964017 258957310 548092284
1063964017 258957310 969225853
488032805 19881311 582525984
488032805 19881311 610943863
488032805 19881311 367610891
488032805 19881311 35211557
488032805 19881311 358142507
488032805 19881311 467965614
488032805 19881311 1099544911
488032805 19881311 68457008
488032805 19881311 511337266
488032805 19881311 563393239
488032805 19881311 512705044
488032805 19881311 522656150
488032805 19881311 372617751
488032805 19881311 385632826
488032805 19881311 751815133
488032805 19881311 1037754846
488032805 19881311 512331551
480828212 1866103183 517996930
480828212 1866103183 2992176131
480828212 1866103183 314687376
480828212 1866103183 320589202
480828212 1866103183 2399677715
480828212 1866103183 976308373
480828212 1866103183 364061206
480828212 1866103183 118532518
480828212 1866103183 463057066
480828212 1866103183 826467518
480828212 1866103183 799520450
480828212 1866103183 1628542152
480828212 1866103183 1514080592
480828212 1866103183 27729016
480828212 1866103183 248966226
480828212 1866103183 1297229780
480828212 1866103183 572598621
480828212 1866103183 325294047
480828212 1866103183 1031113188
480828212 1866103183 102604136
480828212 1866103183 397031920
480828212 1866103183 573893105
480828212 1866103183 481662712
480828212 1866103183 347642364
