470450388 870323894
870323894 470450388
1063964017 258957310
258957310 1063964017
480828212 286714608
480828212 1866103183
286714608 480828212
1866103183 480828212
262360972 1449278797
870323894 470450388
470450388 870323894
504220475 57707109
57707109 504220475
262987311 504220475
258957310 1063964017
1063964017 258957310
69178632 384052060
47574752 193155102
499086313 387949689
387949689 499086313
262360972 433807489
262360972 460536163
262360972 1449278797
433807489 770639552
433807489 492511146
770639552 433807489
262360972 433807489
19881311 488032805
488032805 19881311
488032805 19881311
19881311 488032805
433807489 492511146
460536163 492511146
1866103183 480828212
480828212 1866103183
69178632 384052060
