355067444
453394654
70533195
29445008
432646653
27646245
1032946502
2229931442
227117256
2653409590
1733133672
2749442565
3153096011
2220833233
1251961543
597879076
2298467139
28631637
814373250
425475012
2232387650
314244086
577170289
1032091164
615547726
3223718005
1015921464
35965814
430165833
87337507
211987142
1151760060
509623710
60212934
427041696
1258283976
1019120136
312680739
188442750
328516247
419699649
28005502
383172493
628768821
343727082
270449368
514561022
441347356
1013637804
1064060155
2360097811
129085068
365450541
3017828565
24013474
1900090340
296592861
366698483
78721939
616026681
2788273482
2456649316
2844545920
306962931
701321753
740074819
370375281
814443992
399111879
346080063
27347296
1727598950
1875501882
1560857406
722583258
2483778283
2320341396
41917912
2553171180
1552293775
322332216
2658478758
511289612
558206052
68465086
2395129399
470649270
1933538708
387407002
1622135492
1414291964
25325123
2825124789
2496723540
487843108
830031134
27386176
37551938
15381827
701173616
191278750
1035800252
338527848
2294537080
331998993
16078257
1884720806
2805200434
428634085
1025047058
3100176147
1912146536
360126300
2218676289
23546932
3105562177
944777766
151892818
517137604
256649319
378867889
9904682
215265406
164062511
286303928
289152077
509629161
307610431
298066304
3171527753
43608412
1064493572
234996145
89848422
346964353
393091456
1666613778
501296387
82720200
757756142
29504347
2876407245
1474876915
1583831923
973013035
1358083014
2364908604
275819410
346380094
2409921199
768240223
102480840
23471213
474531168
572205272
1849880264
625157960
371859954
407169106
323571980
338151885
1007393280
261284979
619767972
171557210
228510958
336886395
467006212
465303003
411791097
609453821
832155962
253382915
593056376
836063886
259637565
1709108616
350602248
463429089
9839652
178790152
552226671
265686205
2840891644
774926011
1347250584
504884870
151664782
2209726019
403689812
71067929
2871658248
428298603
838546968
356011596
42492854
574224084
381532375
335522129
22429220
1113466544
2705799090
19178811
287730314
236259337
379326550
816420409
265739026
25599299
2337640220
18368910
499101269
22049098
1328228852
104870846
1272357703
267364083
30775663
18937704
417535879
495420204
425082875
3035793245
348044167
262886886
90479668
132405646
137398812
138221091
598771318
1331809086
735986970
2569856559
211538059
1541521722
348626481
394210673
2332413998
2328820053
168532085
54755688
107770242
465880471
422134165
632183699
17022537
125804644
308695382
8236102
2309462765
256519571
2198713450
541379799
399687011
1318337317
232742329
2269179169
2752869747
431701774
345998491
92038987
51763705
1334384900
766359950
1099680571
1037722722
68306528
2453712210
1061761946
1928958180
746114262
392948290
69073285
1361698914
600219428
538756628
1003163844
1340896580
2425543725
1403904877
796918669
24585642
2262443714
188961230
246464701
76294510
2981557979
42421524
2766044225
874018092
1276066885
2998454781
2902114331
281229966
22497221
373674498
38467384
100416225
25999094
1491162385
2231165966
39165493
702174332
24334086
202749170
334352829
242579799
2211083478
332435538
565885762
2317243881
1387582820
120327894
2258496656
1534454587
2291943505
109062362
602418834
23347325
869075305
339342547
1250494794
79811548
237503076
483520973
41829451
1717113258
2200886295
2609156191
293741942
430227723
403784443
380934353
2870008559
2180011781
452328911
19978690
399820878
66781095
229156063
242798844
441459360
190710465
2887740999
415201728
1409614946
2786526704
874791032
910185504
435036044
762522697
479251801
252032226
464362312
1064477576
126514410
2293711008
739727142
34077412
31155767
740949840
155580253
146971333
2221986144
1618271556
594316041
193829628
188472884
1496790408
119898851
520930558
833900214
2762084271
415017694
455310645
1058761578
45698701
979452078
40472449
520822010
352017464
322783551
600317663
193214984
242079218
2158653603
247913325
435437752
2256242679
581706770
1093113277
30424986
719136570
1897590000
71915912
565944843
261491227
569142880
399458716
27421309
522719017
241442394
2448421664
72736326
546372107
250141273
335969513
286223068
3093499642
620263299
56523695
258407859
151222966
2766409347
2271983467
552950346
244741908
200774941
842265456
380683871
13363422
558364905
362908024
302930840
18500775
328058897
623073187
54590766
2231132108
40285849
231078273
1891580779
551105725
339950954
631407954
391784263
218957195
370174584
418803338
224375425
1853090214
3075535043
171720636
999008796
1457398633
472975354
383278862
1612581812
416779046
2366097812
2493399243
37262609
391076838
573964434
416544985
27785600
446691061
253692319
1000828753
87798737
261527986
48056692
434475580
371957360
418322816
137131427
2837736946
603601586
408940007
2402844264
2492583220
2400665460
597851555
357782274
322919952
616385049
123514501
1523191286
599620096
1578013807
297565617
1357502880
478062766
605525306
847572793
479710442
1168981573
361587870
560567419
453711124
1088033342
392959733
32277910
33663917
2289068064
447647377
2774097167
946653426
1592165305
985153584
447547463
821982482
234797467
962942958
382617549
327247221
415030595
2383835035
2898813464
84731418
2791931792
250092901
34742558
459495291
412483621
2957070616
95308274
2326352570
521901052
960636158
545746878
1665073279
14113688
356549145
449959049
578979461
32695679
301050974
2564197456
842403408
2413139826
268345413
280065338
548834014
1658660360
85942428
722557004
338247838
2235891526
161044902
939342902
2508517831
15875100
149730039
1146033902
120281825
348910177
169786033
623213
25010917
2228996279
132045441
1529091427
2459284111
1126106402
826574816
434365569
480074049
29207734
302951144
2543131938
334869337
1038388940
329116859
220534462
555465628
52643633
30329125
15544922
32745576
123710177
2672285343
61481954
615751167
386458946
2341583725
2876600399
56824903
714024254
344463731
544059150
40378935
421318463
2721211433
275634382
42694906
22106685
794395
825494898
378402191
60220819
612200628
356634813
1110554497
318741832
2490949457
407206486
249485031
2499815588
61045251
318159249
1722899786
469912282
579394937
1411610658
2159054217
2786741778
98968229
923909936
835644475
242554169
143697889
408741010
24183956
295890899
142004768
815891917
304065364
332010249
333157353
343058153
541140135
64544190
61859956
2283154500
316568823
358893705
1296648048
710071891
3041824644
257816944
49477993
3093808727
18554307
14388412
707758978
2544654453
325932617
25208549
149839894
61930730
511394431
55489481
602744403
265519363
63780158
1370456839
948194107
1026852025
2955523282
2320951732
224202083
2302581225
285237564
32930588
463072866
46954627
2724609492
998447660
1975716493
15601460
995642400
22985601
604125898
226668570
197271487
446703936
359520878
987247232
242935992
28743826
422256462
1490689986
708776905
349376581
275225477
25499921
46418490
440798059
69727029
52594985
85177686
2452389961
3124488028
393023176
388613968
259087800
130904352
115469678
399123987
2338744541
2775734365
948756846
2232494998
39677786
1965482005
266752871
1572185276
18708952
228781628
1491230239
204442611
399665467
1166599284
142919253
702278061
126795853
259501194
506505588
187776098
1489359662
37299411
1584875376
2964566253
464316103
974930088
368724098
2683587726
274528500
836522834
164051162
2802634244
2684053606
232310969
2295892588
365222179
920280960
439524654
480828212
453698155
310513836
467011312
2283907521
836756143
38508566
942125282
168016138
1306172023
18148927
1942231698
337885206
36810511
513571171
1030979053
334514407
770409960
66998289
58122421
543383447
335526284
1134852266
496277085
11554482
20724273
216915562
549753034
193197269
431194878
321937906
44547986
191567917
