1315583143
1688119813
225915841
439759712
1296546680
590405537
147681243
244228586
635402435
2153609288
364278198
107914092
431696762
488488437
311775390
85124684
30159844
398591208
546191365
574819746
347624268
394375810
252636102
772626139
404475402
218763601
228559151
474563808
49851821
36581887
523433470
92677797
229145723
454487048
902826068
566863445
574956412
454464866
35836111
420409872
181778730
318532506
339443507
1183484563
625611692
43487238
531313199
339636756
446245507
453716003
59836789
748182517
15398068
1959237024
413583258
210166295
457868546
1337868295
1315170259
508459701
352418109
129369783
2337310066
636642256
552388580
69319403
985602242
309997806
495047368
2299886475
216915562
622477128
56572955
64085946
255728877
450589180
364671446
851783312
160127032
271496308
1406468005
53191891
555066692
55240621
193870476
63617631
227855470
355274928
709705309
1035724752
7190142
95313691
91437831
81965252
848286318
1276915052
1198932967
447164009
285177136
258121800
66053875
442208976
385215876
2234812352
513951842
277535560
306939522
371064697
75356276
1016111407
327087735
110703324
97226973
755907342
36158751
284342748
37522446
1155312698
1703200309
100618525
876827899
360939334
106451278
1191608449
1115189388
175530226
31777520
833877032
525394850
248278228
26675922
15207362
15258562
277246790
318412664
799156063
247910732
31566610
631719595
76842138
21769980
50382244
350740084
438135017
1658118426
224845961
289431480
445830262
467102039
27964258
54614338
326573194
510470253
170830040
979243105
32456949
57698998
437782437
344480528
13910852
322165359
33307596
524633562
419127109
1280260850
540440159
140349766
294321689
447384410
1441957069
861576205
930617017
193836088
392643473
28973554
508893022
462964277
1155191648
943903286
759379
29514947
15832320
118835721
264537498
423873724
589418853
25182645
61199268
547790447
791025728
85663416
536999170
760275818
525885295
2369880382
2291425094
467752648
196222366
966177756
2385464808
456139122
64756279
565626767
1520589512
417162950
722898656
831813589
336878071
32206059
38057587
619785775
942904758
17014603
2437752540
50031859
59230134
326528031
179210348
465761260
307736137
80971945
256099196
170934986
1329924458
237560021
19629444
207334514
292645096
118806166
463290024
176350545
805008841
189209574
188729330
484058063
925817485
375248664
593618239
29910178
24206355
283049692
351929234
471547660
368977335
422806708
178170384
416005613
375777316
9231202
478048298
242565899
554925900
1075050061
735246050
519072502
411745829
150265786
105670818
513973367
30717243
520676128
915477506
35403595
1517109876
386939475
1633863535
2416345511
577603924
1113825758
1045758854
37100314
620965481
79819473
162257876
1132304994
740074819
770594250
27522159
49198329
42719794
40251389
1477882009
2387398386
32323872
543192956
288359997
263400889
45071585
56678518
269624760
34147889
44050967
311735623
518147468
47574752
54028865
451751826
510998271
24467712
152038926
344243144
37443745
595935810
566247348
807978956
141738339
1857546704
185378198
27450293
725137800
19324662
74012196
603804656
92358431
626701549
732887287
61695405
28844137
57480548
4116591
1852920882
469813464
22212694
200098578
128719815
619165418
263975601
49498917
480658808
336945886
484347075
347478033
354526613
477854069
1281581071
994672298
555754419
22557393
42429027
1692621840
162075689
134844262
1096375362
905129886
707136903
1107333559
27682381
423895159
928913940
68771190
624351947
417269006
57543515
1144010756
1703361511
1716873738
8336412
772319864
360279713
621611457
706491667
720835210
81993387
404461584
16447150
364614701
70453498
26900322
388520725
33749690
528758541
354609456
241141288
185091406
77752869
25989143
33579936
547180832
586203267
1378672842
1024527602
48721632
563830675
508024014
363093796
504220475
9154112
1164661939
123438911
190388907
2239293941
182099841
457119397
249795879
175201792
418993500
414456642
539543954
332785743
1206752600
562318428
47507981
243224176
2407884667
24789347
84427749
479120189
108392148
333117910
316208285
430716201
434580273
577752828
625169095
552841347
739523659
308104896
251921715
213969187
350936605
247945011
594955122
48569141
623368524
536772320
5385272
206353121
15233019
2294523361
308287532
292669632
2300411177
403140659
2325674089
733941932
397785685
34393226
975007860
350706482
62441901
506307548
408639754
2598724275
397376169
811910407
214637687
417241666
270027593
998864929
478336355
913282802
1894861729
126962094
1013251717
1201662296
15577872
785202871
237514617
1297229780
525563837
131349620
178747309
298602162
322792205
312902916
494422690
263170877
1151613139
340432366
148810506
437135137
250319034
268652997
195606425
379809139
408969595
175650904
580309240
1273424437
466042520
239933910
547099796
460678482
21621986
437097412
32464532
106430985
129940964
52816161
36486747
355935368
274272233
268844150
45009301
1917771030
494053515
151097199
324556176
895608686
35553839
1561603218
1607438154
335081461
2176670968
27968678
35631152
1073126318
548041114
919754508
50916401
119145164
538625109
436421354
490936475
183668996
269091869
548060147
136310058
63397837
774908528
96462242
2196387582
703399047
574958940
1483042520
1016380441
443316317
777345907
450398308
783365090
1499712084
399127849
437961806
1355647418
1027610630
461263364
121268881
407376218
165268250
257255559
1318725494
290741050
51482212
894602340
49901006
293730123
701321753
239179122
1364731021
140257063
1167545011
577198255
312147174
275069028
256171386
762810290
2345811520
558065910
461690075
314062503
1176519002
56805691
410775628
247115065
410328840
1318859317
802620966
317842919
346547962
101817363
122254845
58527181
1892229728
182521501
58715285
333175854
287942886
2312549453
227336782
745746216
358619010
501270166
492576664
448474351
787874498
844655940
620341307
321154191
876044858
480846856
381503093
280834267
33047702
1710401095
103609967
1511571204
542758675
516057144
952293600
226392261
2261785165
390894978
377770201
26451519
1437364994
1431627007
333685830
8768722
189078695
210353392
320599768
180996691
119602627
447243114
710101746
280687510
470462519
454536045
35984222
527619083
506551725
1316505823
55461047
409576505
272214091
116525031
456393300
636204940
385250978
618605959
551471218
422013050
225084934
561196318
974847428
255784115
17658551
385661712
624209867
414816098
844050601
1271048497
1836274675
1216766798
1722352754
524694952
125228166
632917168
271619131
521844410
1921602374
350981871
344250292
869004139
364356141
1352320094
614422426
273693374
502333369
760975908
23663977
236452844
430386874
18911728
340405527
15602566
379887820
272513906
208842301
993711990
1020713989
417405940
735775146
494740836
23391140
1289848957
373356488
574540818
848440736
430173496
173491983
431156455
100313038
391121051
158558031
725417935
356923702
2296647447
252850065
100831508
321128605
422707360
502133286
587063879
855814412
2353809057
182995874
889402418
269501178
1002897433
1146404214
394293694
29103414
587010419
68583340
461606728
1634671466
341216126
90574579
59019927
28648539
727733468
349055950
548902266
544814217
1135600014
328802192
430730629
352805829
518842504
1000596187
1084919437
448189305
380407003
16300492
361649920
914917507
821586848
2152190053
147252421
280761180
259936032
221553293
442808940
46094179
461453859
279694975
99054613
552366552
721009902
444896287
2377227404
87332967
800629381
545563907
393723384
300005559
456957182
175284427
341855545
469499834
353777149
18923948
707627939
370201114
775282502
29775799
362630778
489398843
35987257
340681269
724843730
259512371
58974008
562472902
16977439
2203692398
373827544
343064097
500048549
508028489
37544439
350009594
15066575
64217337
451153914
408705968
1033915482
201312077
302927930
386815711
305188358
542224794
367498866
304722586
266541770
207527341
1148732052
295988941
231682919
1161270104
58569922
1716682405
624639146
961717568
17846335
408938299
150022322
1274194968
168790200
365135522
435305108
544749932
33306325
89720567
369283253
546714775
341319378
263342709
25895781
38540564
1541878218
525876398
29094510
336270672
551986195
63845667
346323015
19337207
118509914
315960286
258571660
339258818
215168170
1370311921
1542430764
154555808
293748849
412326834
272735718
1343531118
336908907
86444715
382616033
363992028
210593419
2318260023
958191660
217865306
1079037955
93812926
459659453
402111716
842403408
444393731
1068282613
47808840
1972462291
64517904
222504942
257082470
617377663
210585853
329340022
622117307
193666518
76150187
104839365
554603810
33405004
256648769
45973947
197247905
251763226
95021541
271517364
2203885286
634046804
156594920
15043452
2493066115
258893331
758889776
366937334
973171812
472242304
355064486
321151589
1146608166
329847512
719030126
288585807
269072682
1706056975
1112479332
376840589
544059150
363351006
426267571
627171210
39571254
1674075012
302931798
2376230372
185786187
91191217
612917208
517843346
362678735
262483470
399731683
76750961
383905003
605519015
25748541
365868988
15407595
397386925
103753021
30984249
77054376
84424109
18228325
1512294288
459314283
833899225
1137241603
19675872
217286545
362240856
1223393724
169747186
396720767
560447110
200767959
791498318
447349821
434542425
1311347707
260018514
21527190
1450596444
2269150339
576543127
444700574
34027081
37284125
1405344253
15516507
1102512692
724434734
557199371
449436475
15800206
1081232864
907211137
430852853
272301402
1101268200
382437473
52244255
302163872
335484136
330647219
633103043
1478522263
117626162
1155504044
536500379
20918477
187410785
37069994
1064645376
385155834
934310809
417509184
152468661
266311036
545410637
2284592871
596133024
365559797
36394201
25856346
541150586
364038473
263403676
72106572
383984165
45672125
549695048
47181427
613040289
605878417
430886549
484536990
2288571225
25943944
63078815
199401351
416776224
454556168
455819904
498542082
84908030
240729505
322348207
14494523
543017359
393751768
454564039
1270171820
391503685
16321818
156644941
338399486
321121278
557124104
93030385
46501187
258230318
834469370
602153976
576666788
959315514
400821744
44871396
191218768
65034275
339774506
451946644
700077727
1649275891
1043476220
308157735
596909134
574073857
1539347959
1118278392
69740910
334370605
78142586
2216683337
1118053580
457567100
455366635
352431477
191478460
17625397
1909429218
1004801738
1594228741
621198619
885283184
283137697
43179850
347651580
376499930
433875238
130568736
536863352
220706539
2320341396
214754370
397435072
23401126
314960563
72915276
22544335
300114067
468041821
33628896
360987265
826457208
187401385
506226984
18962278
233802296
50537293
284821831
13656892
413417405
466332810
1454616804
729170438
93211262
174057089
508046375
434519809
1473367224
240012771
780339956
790113098
280750318
442453151
89315265
20954792
355265479
339980656
359765834
412791535
44225395
231496436
581049463
293904492
586893855
254406591
319172072
573176332
886592005
264561739
914919426
2231538649
226426340
186601952
68719022
511025426
746274726
262987311
1016054718
550429909
276281922
425056713
547178050
106426655
430217596
342424950
1398703465
243346844
902969689
1151200777
481304155
453558747
498066616
388942724
168004464
63372260
194320943
123064751
348099009
750110352
933403578
402388684
481340200
746256787
255896083
431234993
27784447
59892795
36206277
50476377
723335239
357633218
601445709
580277996
375224727
236624181
328254098
117290160
494648701
114366316
220087198
1896397831
142894532
468762687
165816081
21968919
61566542
57857219
405391222
117515639
461858413
490086417
536034044
339816592
254819349
619770741
1186285916
298906829
379512464
615787975
1143628850
958468602
104341365
507937367
1024655400
813559362
202701587
366683616
571171905
156293009
1300647072
223306734
37245541
1029559850
157445518
39077842
1604002945
116553365
90271424
106625109
30524021
154292111
371493185
252161617
57936905
31918988
172179970
120670293
2431986987
214369603
346198850
109726341
82765590
1611021890
189994490
1388289464
272253625
377440982
387197604
94817573
316520043
2163434716
1402466251
528901763
390904227
552869397
937155612
575697783
1038807668
117746936
377031680
20656122
397456873
1842096817
41842733
307514673
1260468560
1708443356
431976333
52222112
285706153
828145670
331497814
435268224
27825249
312395868
361328767
63506862
514938864
35364913
540279184
377766623
298097738
387400595
260552298
430443192
69773714
262736765
45092482
335988809
635594389
73766797
243269604
73243774
344203152
348731010
487021313
915750620
165845732
539191589
635758192
525803103
549753034
327765936
560439663
342512515
47296468
758222478
505141471
289101570
611960919
464391434
453513537
448702034
368591843
937699135
261361661
242046527
1918943490
1317007441
531791830
291773761
281014225
924886194
21668677
1342675854
1265213924
304171558
159187637
426248953
374637407
1034703540
286227580
1312599247
471215051
26535738
357168797
414481969
1072916689
96631958
569205554
187627447
993254256
96633884
554782943
618698970
136406091
336077964
519716461
25860824
383462641
1692488324
112831025
1194998760
328180868
127086368
403678474
2250972716
301594468
429094506
1618807387
1719745926
952566864
103575674
14248409
237877368
720816483
615255983
248525368
75693808
1242502788
1373322852
34481053
431120042
387223014
2169189630
69183856
971404784
314841937
545641212
281102280
27729016
1495299150
851997787
47523634
364321254
401433980
606063300
630752806
391809200
245195812
14691607
413293662
291863196
1000499160
433807489
74829628
68603410
2238340681
1372464386
581273121
87839121
853747850
404838683
1249580881
368619882
348910177
328774344
499440407
1201772234
470450388
394071275
1335293352
456270467
245974566
38930386
1053431845
423090357
1631254802
401682062
415757959
366470233
287951589
389790283
381297225
96498591
1726190179
247046531
1681828820
304160005
19727773
414015147
515854282
48515394
202469836
508293224
107511084
350398302
366327087
770639552
882473251
714354984
358856516
13917432
1145880073
15175113
284317967
1220041998
88321559
304693449
1499721026
543127396
370324309
423811370
262492195
202705793
442673999
844661166
458445876
24013474
64620096
744103838
101016289
921648948
212071182
2218552186
22784929
34797742
363846091
350355460
300603910
1364418446
336132774
752080670
1892180527
222798103
22996638
64514146
330148461
128432073
1255867597
381064742
240048778
1864929974
176204947
341307876
187953380
286472485
2482466346
2198491166
1322949481
1259463187
703789775
448536459
1830358836
407201481
391469301
389498107
2383978644
624290806
2178449657
63882814
122284504
250330008
429466782
436179587
577097240
286768707
279169402
2213298486
16268054
48375970
35552316
335689199
394785319
27542462
367757566
434838079
1206764761
195104728
337240457
466185513
487210542
271743748
551873917
52081838
13729222
1912518901
903077599
348652683
46660666
247560532
14957089
190012815
264541193
62239108
110520078
266692205
416695332
1360477549
818542933
81751793
500237799
606008683
736735837
871014829
167572364
417422129
561549612
551478901
471568425
522436348
497087937
306654427
2590197493
384414644
452299086
433671124
2468674031
915942002
1695248695
2226003974
67976626
15708711
517134695
206570244
439253801
77406831
298164703
215517465
270040301
2363941835
36191371
997530745
2282235097
1063502792
309498604
2153875171
1289028486
413658092
283260016
2290327962
321528013
16941578
48765640
444950397
52630434
408959694
1085152615
327561331
499086313
27687302
1019120136
613572746
479487014
539175025
601929914
32765843
150867596
384627027
2259257397
49085497
114503297
238399042
17468159
851676547
545566845
505350450
305845581
872387598
422243857
61569167
369204116
40879295
17011318
1418748456
19096211
35222257
1606906603
781904888
223529798
585304124
626904496
30900242
305397601
24286855
1123103666
278568933
63574950
335668469
378114322
457936556
1135090008
70045040
400885464
324977515
369311753
487007565
379621681
153282019
35378668
182482141
52958936
354922532
353785926
290022902
292757164
2179145420
199507614
774521454
757512614
250442735
1890973489
73027644
187423702
599750238
311240541
742071463
1041341978
52218564
770087306
479871847
1138277707
715621004
729704808
499197849
456267275
756599910
168013121
579098644
810020029
50908543
420631953
3107011
596862057
70590337
309073547
248365616
539530608
152793324
911488496
1134898662
624182984
23757560
1548819542
295918979
1548039943
498093281
463372852
1279150248
895570286
2352894923
757795765
112319197
428298603
235663357
2259897498
364650708
256744013
339217813
1641445548
622376944
2163029081
1943978756
315622187
377670839
611687030
1871999708
715402520
913679935
233416226
1510566690
17399074
417178662
575314310
481662712
423415106
275686531
24537123
25524024
279545751
328852939
606610799
363848908
81302636
362059797
262910874
1340677436
1345014690
319951660
259047972
567463477
334993383
713852245
230945084
598984155
67950356
435308483
375686580
42568817
510995251
23650057
406579027
273683682
433025596
1319679895
474263450
88260578
297232856
552226671
168388322
287451458
343571614
2386023326
449284105
28617568
461736792
232764155
22376166
366265688
243455654
225630512
503872457
462341704
373501565
2199869834
398883686
1009864202
245646984
274996436
750671316
480093942
572358450
42419580
18834945
516931020
274615144
450033516
868837051
65898430
54778966
1877945634
7912072
540452003
1129631515
836840899
2300803769
189587584
343146896
59636903
64856449
344215943
512836590
15206001
1120812883
81998981
1976821866
227682201
135985144
2300750967
266259943
236268396
437782263
783732560
544372087
23988136
314888781
264444497
238841423
1557225367
378299249
235387909
71529632
1604062346
1340542273
328236316
132351421
320204276
414831149
375945363
981365941
1391155542
759402841
719617132
336375778
131349306
95791438
470974208
619454509
1200945830
367945273
274357996
60298886
492350135
167552286
458673194
853562084
43801700
242357301
54255658
634191272
836063886
323638818
1056557083
276755941
56678012
371961119
64933720
253829844
786036932
275374171
18964304
874795200
190083878
50706690
65542827
415039027
382445289
991499634
1017824905
1035906811
465097510
1323834025
268630416
933432116
1594649784
36187361
431728973
920148506
846817920
479866415
785346510
35659602
235328703
136721350
302352047
959427798
487921051
210096174
1931177450
863140226
383920759
109277288
116293057
381718864
228403420
25572406
48582855
1064718480
377552862
529735677
618284618
121162215
78578591
380112901
506337247
1636128680
465272897
1285099722
454422380
770470850
1219803691
70538418
88993161
220858157
324718026
436347682
108212009
384487504
384129038
466127893
373739555
225628720
470626327
1462470150
544790946
1090550185
633370034
408194289
595047522
240738860
164138994
1607179861
35637146
1426539379
415086498
355340601
362886628
260150778
389827641
208894656
285933561
16490920
407388640
245060684
1912503547
2199715033
497485281
436952063
447329585
333818229
1278907194
892186484
76536325
18929643
70409567
33704280
848298954
1210721066
509794490
554063154
287449052
349735925
335342893
326330246
288496146
292115146
473558443
334869337
361686750
604322463
628188714
269053313
178198740
585228203
2391422224
61481954
241423791
43736709
315830174
470531470
365854528
389836845
617385097
1527274482
458024877
551532706
15500871
14631905
551382363
330615990
502081801
351869454
739549254
32992976
750606570
394982144
306750815
2245819268
528908900
44881854
2370845054
2254763901
1925379398
480077119
114360943
418196913
1921358160
262388157
1705068104
415823777
481568891
1585633650
271971272
599038665
2203457203
1620443610
481525291
343114611
312248690
117522987
261362285
717973
546943786
1125917736
610187660
2214590942
521015935
146685180
566740541
257131768
1877439876
954445280
1075594374
199717054
372004289
2158721829
364681853
755488927
377179775
1242357162
22296694
1029659809
369806207
64056126
475519189
593259038
584305487
372895137
628060535
100030430
526678558
112651008
88789143
1217145037
230297477
53273180
46418490
393023176
343749271
99569718
857125297
424738302
195591798
43499083
38757585
444391308
439781913
223215442
382349336
1267893170
753399000
286415428
928882362
474282383
21507094
369586225
2289114025
593156798
480136025
56378785
423822529
91246694
40219913
340947821
1246377073
95460171
440408362
188129813
437156059
346141688
307124879
440252782
50911581
220428595
43786109
59334926
16380572
567627063
801593995
17274369
22389661
120490061
22550847
964364323
357316463
1262438815
159934632
563353370
298179561
230573003
1233221
308664632
1430808229
271382069
279723517
205485631
47714586
68883266
350635364
1038198019
1449278797
264556655
293823442
33018561
104564529
1549761577
844371396
1123461056
384085576
433843626
23221573
32242057
61890173
1318725996
48425071
65089492
471636246
710092573
286923395
29508145
222585634
783215869
128265042
348194269
974945594
1569416743
332027725
870779761
969248581
602906162
2377593032
486211029
239806813
308849660
1296553464
251424856
249788462
440497986
38978449
282780681
1219969316
514814679
924043434
379234308
289112425
62423990
766720344
425529951
20628220
22083887
584330980
454635269
246980480
1279133370
50724024
321791368
634165425
270693042
470689057
293200470
41836683
219527058
2243950162
302404157
163225681
161399272
328092681
2161470948
1115930120
2427976689
26862409
26829242
606861704
248508723
50207466
165885488
532671998
865223450
614515345
606627136
413583819
509415033
31019549
491723693
609651053
57529340
118426456
434320980
415872785
459719265
501296387
611907624
304428899
273648303
243443366
457146044
65813747
935605027
366158809
332501723
504637707
259939205
252886041
51320396
447405823
118592386
117988044
167499507
355775162
1606582357
528141447
31420832
90713883
251844193
632919392
410401019
124824061
171822892
247988729
223270654
45972356
1422168738
344391213
445954401
140254652
38745114
15684468
360783031
2352570168
353283990
177661405
721009616
352693055
176855857
96687299
37137720
1290387427
329456004
351704868
613611457
934756362
783376592
304536406
125077045
844585861
222239190
18318334
593187763
976294722
15164343
116930988
348002073
542158764
261426208
509333193
65289597
21768210
33386443
177153448
442243600
791778355
1109784127
442242953
519048439
1045794372
370119315
325838892
354747038
242116023
864815010
44185900
540180127
186503123
68316188
320929797
133090848
516670721
487820562
358611909
72084105
383785295
18529535
151428025
1108937934
36411369
122214137
409588185
823310100
418984911
879474908
186580394
318704018
67764006
802650564
817551254
404399789
59650981
273654039
24379966
502243006
307988550
363432766
262954546
127644216
316478403
1187944603
244100485
437839565
45637035
300923524
834379358
519088157
71606578
307429824
506542299
2322545024
85454525
968075532
338869013
868558748
244344539
1960182241
32603465
963524850
954261440
182933651
1905462726
42521111
98768054
385792141
37127646
18317405
916069633
709656691
487018762
290184306
558023038
254103931
18645521
471027956
38053973
514868779
417117967
240532558
2317366904
625909123
796251962
1273152452
341804115
1950717229
1107974378
1455063222
1151847019
245142683
433063033
55903546
514854339
335710063
57940248
379535525
310015825
924536137
227443897
263901055
28709661
614801124
344793790
926001594
1348013784
20233071
69747034
120232700
199801562
572859323
998137962
406475708
165508623
360099272
105843449
1269523002
35245260
1523184511
247878912
2304353055
541394724
401140636
498504612
2374878462
254552973
565567865
1431949476
378926498
408067073
188929628
963436962
326391836
166747326
201714656
1335580591
703490539
605669550
377579710
166997565
342113069
421634324
362150718
1263419538
756554354
842639096
1325124240
1977507199
1455439573
770599945
166424097
747956562
278247880
230323409
341092872
62431598
179367025
17238887
873861427
992230176
867108362
451726765
1317214266
255781608
385471211
420068214
39170253
596191995
300836881
273088151
598060272
380981559
20382716
42157094
453507198
32963201
1575287197
506237812
464205164
23035292
307675499
549579902
1334747772
214229879
479122934
1356931075
1247103379
279612925
45234238
1170420222
796384110
552292532
29106944
1226483378
470262951
504709504
849562194
52143009
415142597
168813348
408003438
2149418973
274286950
230667899
2240163996
1005523795
442939961
1352964426
1081668853
354336727
21794832
237274571
554378627
342796436
946935277
380466362
245577690
805735274
262283854
530038821
227014016
193166511
232054086
323964819
208182017
924259286
73221502
71063332
755789479
403794939
431009015
273159181
757645063
603389214
415580064
594221099
504144214
471418638
364650150
411644597
731558454
249855157
539761248
250974170
171792637
188561770
548826537
333493343
557257466
329122371
180196062
1668733374
399763344
926809741
961735964
2163366208
18617209
484171653
1591601244
31213502
521902010
407363122
377761312
728927443
344803691
829872056
1160810658
319676606
1584189811
551824484
467002258
390612390
579059729
1623303145
16154380
579901792
21001616
255050149
1110419780
461644197
162947860
195507351
1573997371
493641467
717006397
34135061
307610324
176906250
345088287
194560905
794929128
54274817
30263071
152458163
607790763
748091700
838041906
418761212
2308648049
320953639
463142111
1034817145
705927320
414553382
224447344
399771215
330641822
157710108
361663321
418880719
366705885
705962788
2213433875
31326199
193155102
772558794
998447660
303509957
848417504
1567517870
21140427
841037840
459930928
371409871
255822965
468768626
395036837
291962016
97229528
30696352
2192226509
1605074114
99847951
129948436
384612576
51096686
344879102
248443308
466889625
300040871
360162380
116088789
414436574
463339948
2168267641
162830136
421095102
87253329
40487654
523920195
318211196
500039392
726984192
44266329
421653746
285981875
170500234
369874695
354340990
1216296847
108739744
489909049
542869405
500086135
479694751
273065159
419753670
459482015
1963750321
257703814
97743884
582262003
895450687
277308476
944052302
816224244
1341830108
177450758
79929836
942125282
801799022
121860227
141030810
1228389235
112833370
2562255395
488905152
261238958
805705722
288560556
552635242
418209238
207152517
21452122
1066223125
433671287
349969917
464904806
407241079
896461214
20415473
62819065
554610543
25144149
543984205
194328233
515543287
427823527
142780964
723082488
308136148
419298848
322404683
300968848
614742669
77245660
95802716
520670881
20740042
30381722
789396463
245579156
198597249
511134488
712661192
380613157
234957455
42352888
234374922
458905791
1322766518
248043085
231354049
116212239
1103043337
458749318
380560230
109022780
39400007
182232607
209324219
1556958012
259387641
1493319254
266824406
876260911
948973495
610211462
357815533
100096315
553196263
999739520
195910316
186281557
64911278
249016886
618297501
824212334
49371822
118194926
81257198
575733861
265483884
705085086
40494359
522719017
16412105
390170009
303906218
322114916
16459336
366374395
274737680
527935113
548156770
1604386266
14570002
722465240
1093519153
569692989
85475921
1599311384
1419628662
628936005
391169371
1113585512
326476170
387722686
972414492
363049765
1062338244
421387890
529345552
67664143
104062007
1110188162
53409591
919838610
491752985
1048579596
751800756
160205501
564808350
939769639
65806513
564850431
813503162
359514325
1417717836
21458799
100047235
456070770
68706390
221173236
178001245
1087045555
499458498
166401977
271156871
479035960
78985421
234873616
517011491
764234508
292233762
261443591
24218754
185282054
1117541
2288892474
802229731
313048464
1111781192
26340613
564589334
136174676
403753980
378047317
365874842
54553758
112251644
250278892
23593337
637218209
339256439
386781154
258204856
423001602
1098864026
543843398
1331895254
15005656
98765220
17175573
509527706
1167923736
333727231
307951710
244977846
1567383726
26405344
396863157
27935803
582882232
1663737481
308893510
1692508692
551316508
502223156
407208919
329896220
1362086743
758255515
52880020
580511877
2258272326
599727458
339466165
1669063351
44734376
321104126
31252950
520173309
83855571
15847138
475292100
405640078
330119965
859735760
748460850
35503573
52395112
366310468
481519963
87622922
382184863
1068984487
24013334
1055790048
431396762
423678953
341737456
560489169
30080450
479828589
547363052
65096337
264572913
1132468292
26147939
1401093841
388593500
919192855
52539611
1014305275
302305478
314341390
1035147319
360228685
351864439
469589087
18198866
1078373144
780876812
84634838
1594701337
501554698
1409614946
1290314610
623233984
1242351091
520559556
325314432
2155451028
258983772
358586441
418964844
1569396655
351609884
342916232
345723074
28445310
267583697
2147847631
59193262
427867414
428792184
347637469
832055906
635758489
1047454062
275069501
1126581678
470684000
2359450922
43696733
15060125
341327958
334845034
316552000
724992668
1916994258
855359082
277694306
191337163
397457339
1924342524
135329116
361044307
345688148
2227503582
388356199
628050789
386063602
273439057
1027523377
526504588
357248858
16615790
1372954422
431060348
444786520
499465479
1009629822
348044167
86079009
900413677
447366116
352008028
514000139
245469728
1413212976
75493854
924506191
199925161
933418416
178821807
205021656
357918258
2159633986
1083762234
46488342
334416759
15039202
1646560928
342534677
462585659
565756927
541178538
324637165
504989361
293524144
41061589
2350933248
421535168
304553544
470482680
549646503
393280581
2246040906
162428940
1692378632
2342685717
417272969
2227635734
389697499
113833379
708545579
758319318
220158927
373429793
243396999
42705680
628479424
113032193
105229582
851909334
75401105
2177569983
250928305
269153742
189782177
223496598
301997736
158032672
313030637
38107043
61347950
1152494120
37332002
1038135656
104249454
15744024
389731025
388323388
437614750
482526529
805467463
343116277
109498771
1375918770
1119673602
1653799820
843641516
320748084
71113017
621347491
879119124
194337607
338057423
323381088
268863504
706253292
996492877
261320650
292425897
555232091
455532548
36762609
286503685
602043457
23724304
2243093010
651963
54806906
298840807
386629416
67795686
356513775
369684547
408554209
431289105
303913498
21166177
16660486
28853715
212603651
546187793
386458946
352627569
632249911
856787660
146513248
364036461
559946765
1328446340
126371160
485361546
40470331
28565796
250823473
316773168
1038733494
242440140
829752624
40020426
68777699
47625860
34267331
27926098
25750526
761927222
50900838
489900097
58320710
335784360
526603968
329856373
272203854
29305314
1691711072
422221926
347469796
232744141
801481196
809712708
1924039938
458127034
198624788
189936276
27686195
343613814
1250427283
330649584
566747934
238818707
1068951704
216006057
95089109
335080259
572624785
341877639
2437532460
19729996
228539560
1317530922
156809951
928289456
1897438494
917343962
566794391
330748895
382949268
263091171
68332679
75456699
38570872
35324787
251778716
27792170
184981991
942535878
1611867680
2170794340
543088020
43639089
48998639
242591128
358484601
887899452
77608243
2393279803
54720670
2348066758
1640523924
178774911
428716488
1400068554
860570270
713127326
20064269
344469754
2383874269
394423041
782831010
2307135879
256739260
356262261
2327054644
822547634
26378422
920280960
574142039
415192870
88471823
399147796
34827278
57984032
476503668
311203892
475417051
487077964
716549155
497340245
419240263
1325830758
2393277428
16495224
236544072
335526284
384633796
179705277
1338946196
1064269512
264971478
273628289
270037993
369765794
322317513
152485909
473724405
27365860
2229931442
369139258
347923135
87886064
1626787003
463614997
500406316
823835401
420545427
635535414
29324770
411124507
25703672
1722389515
305596726
321636784
46697925
798701160
1643232451
391081043
502763942
263405458
21424499
169304885
772817516
2300446717
2243098872
72182907
736211912
397264702
378174939
1334423202
16500061
253725789
303420398
263925546
81935741
177608251
1495894891
871961880
722829630
478143115
756275101
415135821
445589206
516042830
40734139
304688742
389222000
860008387
258389136
30173784
72552883
330517038
1542253800
554021263
831641730
60185061
894670027
429445747
327029694
97201517
44590636
538347844
279600215
29349228
463423568
1568313235
547785685
231132939
1652557520
327198281
39165493
633452272
1159114430
414463331
16299680
19314574
710700955
42726913
618526761
235042137
339691282
315548332
33227152
420738665
354323495
498447909
2187239288
604623142
1129643436
973013035
529010961
316659316
1928881662
2203831531
342519621
313656083
236636021
543030863
150095605
231914688
1416798805
567627753
428502935
341249234
396633797
403079104
434479167
463029468
1648877898
57950094
197282267
227100670
166403903
1614171355
1697700528
480167596
21910115
69203264
550549910
1461148668
347499736
220208610
445205139
278881677
723395408
392296758
233825372
8915332
1468319708
1074409184
30088457
759551048
552023705
114896096
1856244668
616609906
463247503
397662829
348268013
787353241
268097184
426111749
6602102
595919263
360368327
337477451
1049032812
569640802
459861111
455098237
399128820
731706432
335045738
1064412835
17022537
540861683
488032805
241760343
287014971
375206964
16275908
1337272927
286381545
348279641
142026743
2338576309
26493999
1611559992
127369072
57853137
33993509
1115738544
569710473
401667724
1568793854
32575433
144922546
343886542
338153748
867137430
496546144
450389760
1431530227
379958582
230248673
197450563
810061944
1141226280
484127931
31013914
504748977
75631257
1087504981
23491526
14726870
926082548
110804461
924259548
338588174
713709284
2258279909
68008403
1883587722
540360061
59339131
46018924
315257671
272006739
2232446303
163676787
28823577
280673220
340610197
2179051806
2167109222
858854996
464991060
23941662
633220120
808014200
339396029
280579025
32178749
926445709
172837605
100589643
101243033
1977265783
570533859
350551844
827808398
27987978
249372529
66704792
1504816789
33356371
95685731
2255297707
191258359
47495440
315464281
594128877
1043463578
1711893253
392200981
80299587
367343945
121604394
2227071805
408226598
385656284
1292079680
549615055
509029230
334716639
327756035
2457527014
724315254
348742169
471214123
266874769
1577835145
544390991
293834542
939134443
400248752
616813455
473475150
408930799
202892735
26128846
105839216
369172720
37342839
390502305
266992538
35834072
293310330
14342733
1050109861
18544334
39634751
77461452
622098463
764711370
25151467
568582929
921390398
447373240
407307955
428451487
351045413
1666557806
22138960
272721249
30369059
198339260
370167517
392897280
304596693
282719800
2179046985
1543895382
76494216
325283034
2168212287
1965934484
333138651
328389810
77824432
334371725
311689306
45470777
716268529
406039809
514707976
968326009
896320152
378926172
283209316
355740723
783100260
204613316
392862818
327197199
151905720
335086562
1272880386
63877732
989507238
420759047
394709736
1334120774
1043624780
16699773
346289146
1063784994
704285234
1107012654
85183229
1394630000
1583753186
1049536556
1372621914
289111274
19405140
33318700
472715269
1410221689
260004052
23133504
509641276
399018868
580327869
2377949743
180958025
402296999
187043871
253046571
1216362103
107249549
439856487
40240951
509455575
308757634
49094362
155639557
256680712
167840400
705204036
336173021
356997498
725108396
66929342
604921882
24795038
580166796
1661031768
90998709
44171487
1001594754
49137582
623486872
450333798
857624864
17314683
488692675
798512222
2220242408
630778236
23428425
64328374
352736012
268894817
1451710052
593962083
261358244
364581607
247035822
847520971
1551950060
207316430
431114845
464251735
261802673
25935720
1936176200
2218295591
416365105
409017876
836644760
406535054
332024212
1002202730
395619138
194691418
2148995085
589960285
26530765
246100127
1328167046
848689626
115804259
24205572
102839839
716158145
636632876
393623595
31591960
393249734
59198711
932400038
555213535
527617194
342371059
412699123
157757171
1581659970
36887253
482371227
2248089336
1483143319
315989680
890126018
110496811
342257392
14073438
2200523508
215394261
1330680601
483260988
137059210
15077891
16492682
478271342
364023374
333142360
188417746
12831092
99173241
29619340
164062511
28211520
785434189
365240032
386880918
191211424
582171617
54764566
427938781
1556609191
1637147376
67335578
620584706
353889486
493549728
381870121
121941652
868835160
441428784
473428887
615755661
183030408
81237494
468726024
228781628
290875581
74946110
2306952692
35946715
179149487
31093615
809289517
91148601
50320242
327621331
368724098
593975951
1228542600
130238097
710999333
587085812
80138294
396640343
1007345870
175156526
508146246
600957821
53827464
836756143
2327357683
566734319
372444041
344312187
385701053
1363258472
37071505
168850562
378185840
269416629
508986906
399745403
466701628
396906099
261875441
358355514
300291653
1368408576
949070702
1255640101
290254688
23220796
2595185873
412582977
1679613006
173282261
138937181
215369771
417443042
167944910
790343088
18489552
171471123
1426695715
718844502
1429126376
52052275
25148881
22788560
145488407
512414126
31203152
858663446
223575905
552839947
15893889
292532796
79541406
105376535
939210470
330972269
521925467
228424824
824184144
369262235
187967752
16459239
54072261
533662247
601477751
1618870164
1666743444
74822705
365594345
731938843
922126218
482471771
289088136
16011082
1242921996
911191670
50658248
128216953
760609891
439359511
299405491
1571201354
79372503
2399963582
142477998
631172873
245199678
255133295
431898610
414006106
1014179720
956518452
544659113
403115343
41542143
476913536
496698698
451792334
838165111
410003326
20732149
369275838
415209915
718241555
35971254
67955985
578183763
275034112
708148392
477118696
261217648
189008304
417604958
277264727
55818365
50936351
67648980
77503040
375729625
533200390
481564178
213117283
33335831
901050888
370456302
320829499
455048133
1027784652
401558900
207569138
359135362
327231310
1146451651
272272907
2170226364
1322446400
515004148
55724198
850073174
228184610
594203509
479085495
318590119
705018103
457780050
79541796
1228456196
1118567624
1372508714
181794175
186820102
571392198
948364952
961687718
842265456
1692868796
1049331620
1428175147
279281917
246851168
90264540
424782688
1482007212
148374074
387317873
409277495
705910915
1905079195
587826893
366959229
206832380
382731926
770521908
518250997
425353825
257915547
914994948
605782945
123156787
311727464
119072905
351217462
174333856
396859784
110897769
177651903
47521461
27386786
440443123
366242168
636418699
1209370375
28788140
1700351768
242014091
43012100
124885765
38597506
187559101
411735917
232121748
360791198
334216779
362869656
11550142
23686595
398909748
303566598
448992195
436025577
18376877
364376829
546736709
322919458
213852168
25631063
257531561
441188123
356625372
514976651
463461274
324371392
45980684
16637595
89204414
211755069
14274335
633058253
499459705
27593671
308186811
139110622
231178138
1447084110
70558190
11007392
325149762
825200917
636249732
500272570
45236297
1666850942
27879891
2155394430
75621952
766271538
494460585
1684233852
50865626
391499076
28820382
813245912
329791309
448400414
54714777
18093268
625156094
35474191
430486283
516083910
326611705
80668450
966994728
394973365
563714886
993728738
500284245
322726359
1042506740
1898699287
79064910
257641400
432905693
465018449
363888112
343452366
1877714197
620563899
458050316
15210600
1941774110
184904627
69095257
1000522490
630602228
318111335
244977166
449267598
377686086
145063883
554909646
510999799
1318862881
258252111
405125760
1349935562
131559788
544740470
261263775
335701800
446057208
375360612
30444507
57053317
106544187
28584729
455001380
568694265
448513167
1145545009
562429551
850087850
424540322
379584265
19500320
30261400
731772697
1274129598
34370512
327563665
139927196
187019396
351853745
423881529
14255351
2163403565
1395865981
2193314478
441899332
525075888
452523817
447298190
624291860
1071646520
247510300
384561014
1228849050
2191646373
246584930
285964788
700134474
414082268
747221826
271730916
222906298
18401601
382091710
1287072012
37523584
450303676
548661593
634260096
383278862
441994689
16568241
549444462
45745567
1240315986
2273531162
459677388
109766042
824764765
2465306844
348640529
463884327
159098240
491020890
375363997
580136149
58611305
64541329
387795194
829231388
704197496
347948246
354710136
266765306
230463716
95357199
466212700
391808916
1006620446
179807715
36867240
499242246
416627553
82989374
258611669
87217649
1014014156
375346772
985153584
269605245
387915228
1638625032
1356882576
830029952
436134765
270032458
387247966
489868526
94465437
1276357560
61816752
409047188
1673362069
340422671
46537183
304616449
70296246
74038151
366401568
258957310
292048109
741911300
381865885
438007099
401457164
460807419
319419019
42906460
234883441
199534988
93979843
375230663
755361157
1521362640
282286362
17354131
1173634591
230091002
741507133
262897822
199108751
230283188
45698701
322401539
2253531912
2160333033
822050107
17769871
91940932
119187899
37818164
1136300857
2290476194
717479203
604970558
177638763
58899300
592264131
1301923104
845803530
364979562
1601664283
921899035
81986259
30391258
420872540
726923899
627072818
456411965
300558856
1284861
424655467
16702843
269547291
31609523
487099398
218200674
573147923
950926850
393593776
32115697
556577258
89956772
71806473
1368178975
450051216
14806209
190893326
346893253
82631708
737161231
612488308
57791944
284851504
776977777
244190859
408570162
494623457
252291169
1129274552
528626797
465053774
512615294
1357981711
224345424
207761503
612237704
421618006
19368954
827328572
838449475
737938728
248341568
438839018
274624732
319716918
862427545
611908497
27468294
96491947
593266877
622927346
314870585
309058416
334367534
394351451
612666953
94480456
219066451
347665020
15580794
977004146
167802385
26103278
251906006
605007254
498531108
104518736
262803840
359117084
19785482
880580426
836268907
24561541
59208277
462329177
1457780964
187650163
286459868
349502658
461617710
239060557
328243671
499378966
352413987
132583610
170503091
1144671624
340476804
756083
223600666
256206827
413711217
627512810
1069548199
39050000
339048479
1269116154
182668970
269521059
285863665
11088072
24415641
487950549
180625541
606748457
383383896
550870782
138867700
1566722300
110297436
325623341
379776359
1611464264
470568186
2476234757
362865829
233300599
27519424
75878538
2268412035
434589873
254723603
447620671
459854841
245255427
365140095
229249070
498478498
499206686
38366808
344748911
194504509
231904025
234174047
455441272
75605811
377602511
455252315
837732282
256668649
434189451
34798470
228088582
236967872
72206796
566761738
109637697
328838453
1146823358
393051486
1262101867
2381603781
459378860
1198595492
831607375
564804346
289708844
1161711253
1066051466
475043148
65228224
515861956
795475394
985800835
248227383
364019786
51416517
44463028
333242718
540352174
1062260154
358511522
38009958
295073852
346928714
27325089
535612149
345619661
261450165
731318802
1209838832
500944515
767671494
331429437
756319957
297691008
1708611558
21627276
496562747
1190481342
471731421
1411455254
409791954
509161979
1227515455
341668500
252758807
787745418
123379162
2286859044
1270200314
42693328
511285981
49873110
18076480
746371711
435483436
481675889
162310659
63370441
258165730
350330293
981571862
18464294
117849817
503955342
64704030
1717907863
2361885524
215013904
272619352
15263306
786382916
53718732
16535264
1135539750
944904751
463327531
529762749
928830740
509416369
997631328
792729138
47155006
85296016
500104509
40114214
397666951
339997443
465161673
301565323
207296404
459731459
332607546
1584167473
1118076306
40044028
278492796
1400459425
24786107
343793446
455269478
194388409
180911716
22869601
785631804
39112190
372644744
879161120
373072107
1705650378
225961337
2251222784
872323910
259295285
117506947
391870532
166381826
1432859696
356566168
363840684
22197188
8981372
914527405
444060853
352138764
201892280
41666795
32684679
600587009
108101944
443857288
291923189
353050013
160391826
425053206
451662043
59198077
501130417
377110875
255813114
18937679
246125129
770789030
338792043
412746336
239074567
329289027
377709628
850061970
354561600
358286622
498350134
25197870
12522272
122549269
116943825
228532876
1030979053
368489454
77676817
1368823807
83689904
1035211988
519136017
42074667
38456955
962783418
16363540
294911015
1352040240
402861409
498435834
477043193
14166065
739251462
866434508
2340649783
107333221
377664635
27282345
38467384
1659228966
133837232
354549685
1382618204
287945491
316041562
572724368
65362944
297160592
554059230
847785900
364701233
887734028
803702556
414033393
505377594
619894715
856582466
101581538
43592672
803705024
110864818
569469887
544797821
1660789380
387949689
2149979706
1125887077
38931426
371041200
422211439
466035564
217212926
1239286622
93810124
905018568
15070068
62584771
2323726678
1920207313
177078187
619456154
445831366
202385066
1322995754
52992588
383972436
450316006
137040017
318125894
348201988
501515139
1868469235
510739616
1265687600
776705065
461577648
610581652
350367819
326423529
1969914740
27461764
58151473
261896239
1286895938
1320809287
418858965
342241389
2176426712
245069312
427098948
1481050394
25197017
22402910
221844546
34797121
43191420
441327469
187740230
256723160
356415771
594880645
487980899
853984154
117461006
329219828
72446386
573247972
1255138614
50513061
466994768
257308298
69190625
470761518
590154997
887788236
482327433
196177867
339696942
2226106101
68647111
328226353
440500512
369674803
57457283
66936503
341339523
378164251
311057204
148167985
2175115862
126150562
325904047
484789805
412578093
796096458
73518079
345167235
65098547
258396481
410374666
2245046228
1001836326
1487566723
20633155
52156269
257689593
272675086
917970337
210945356
30729730
48056692
69079184
1048629294
32730148
1454325565
25176832
412460089
47981737
249304485
455387669
2166962219
845783124
1385653213
842781066
62543935
461725110
45967642
925776259
420743671
415136537
393012135
231215308
466737617
146189010
162126261
141656776
378992019
744036296
1686666637
979011716
582674657
173314971
706363902
352779926
40744641
468006768
2324932196
197131045
424080928
2194760117
242403738
2296960841
413474627
926300072
551544807
275246085
626022261
15963806
27156140
293116194
775196845
585793054
428130230
147609423
232794495
442360922
1390803997
169719500
588699536
537857610
386002868
2235404683
17950201
92103078
565566476
318486137
708319700
2188030210
41753081
461529323
375917604
460536163
153909256
44926246
78667510
356026912
1015306298
2192239050
279814013
944564204
123710177
276744584
413554815
235764604
355136889
1010135809
424122984
18958981
432758848
543702083
348214185
274205249
420736203
175775887
412256107
993219529
1260844700
146973833
207303808
295437154
731167855
46723431
549780295
473616769
1858678585
710955612
421437372
1426913568
335448823
273794225
381174312
459501131
471573397
1901237113
249909691
548015353
428751586
631482516
976476608
573782919
68066254
154747274
790458108
1250035410
132691759
1897411657
63243458
38971086
558807406
454648496
353368371
479756369
228387813
60689800
520440519
1064635081
290256847
77294356
212043127
974323405
209761853
411179750
340024870
37794920
194362398
566577044
193142027
147646939
58807257
172208249
320589202
363315412
79361262
404095493
112539666
126904024
41254178
46397611
142525177
323919406
346266713
423896782
1001526156
743869484
292914013
276650115
468980172
505342629
2318511985
370460383
1494135332
478207368
184875297
506213843
1263455618
419234048
1442453004
502311666
788667018
509409102
71483924
54925034
418158608
14101271
840649788
1212240350
389752105
312253110
25981701
81244874
463471007
51944939
320569113
421505369
362231054
115423035
1732235306
772633532
49765514
996412334
42190092
423862746
230971069
15101175
139310292
1714808545
310366171
1546956157
425854279
178768070
1367895180
363956674
325932617
119587657
20190364
33700916
1332505412
339231036
567401166
22867434
294180707
33338008
465022801
14527470
266286864
484117968
369578212
49564619
556349059
1859356489
61399520
1271994818
357268829
27997053
552868691
13270642
222588374
1115341652
616725270
499360135
540548826
805717867
335316454
1350146995
1007010260
541330401
239666946
385581094
431834082
947145906
1258283976
176588226
432239579
263398468
1063964017
348017190
123081520
107114955
947863146
2402000420
212503757
954002179
418467701
354912746
314681982
1049126126
357896491
2262867514
2204579866
704760499
908204000
395038097
1053341874
436099543
628870659
114339687
793016305
216393392
27282817
424780197
561460429
627854730
86333422
1293513798
520882148
1273146428
178004735
1455589188
519962266
349877661
317370834
417438199
811656092
124727863
522840225
44002552
262516643
37037157
431285671
15381827
326330615
43898690
253540660
891605520
211304558
183332877
122139364
125837747
536386359
125441481
309306321
392353997
82503720
436168194
356941265
2203681597
46788607
600509981
570937988
489646221
542949285
415274820
492511146
346380094
2218487783
403664314
584859468
60253573
46539243
425501888
397006628
23400579
140561152
267369841
617885565
443076922
284065177
1677184074
207138856
31343649
744516096
47446723
418146005
552879427
1126630728
618539414
360922378
256189448
970724845
385002272
704219410
172799017
426158957
1282034142
567737152
148022909
1927095402
571514145
287730314
2214430781
352640447
334420953
360916710
30060215
66532187
524866597
116803189
516510493
1131892597
1065846589
112912938
556408787
319437172
213414686
941790067
274622246
251389373
836625547
82587396
194172039
388516155
211909983
22845793
1877501406
480903647
412779415
263319210
824246569
235015924
232669589
39643645
23762849
79894913
170120491
266819171
323507329
2209966909
922126837
843795302
1672570333
79828888
423794754
1120627507
436325033
1169950790
401057274
360239986
96223872
499771300
950460120
777324625
1603459784
379263728
15498115
460867910
381180566
741828704
309228314
449307937
633067217
99889968
57522578
293772486
112190567
905379415
41829451
1050877656
994210806
214761068
274165784
1283382750
902965680
32914217
385009351
412763625
240855881
43021004
2285824753
287475217
334311262
2344523778
1199281405
238444563
1311822930
1963284474
535859722
391706132
424397372
229283577
1358953446
161546985
17497185
77518867
1564576076
616466741
2319414302
461600501
22224844
2260741926
438790844
538798098
104645517
99787865
246566429
2481544264
2157380072
788165011
466986524
18544181
549384608
418084536
356273934
534996146
561543125
410429389
1103604313
129610900
537767095
45732931
384661348
1507190833
570399474
39924278
331869527
270019949
2370771870
799410559
330773499
598001991
1393637226
585709639
1093697286
586569716
189271357
169329810
414943694
409762936
524977289
1132316395
508351301
430369529
987748951
26992668
987353270
594068274
385663690
491484858
179751350
56383923
250932271
71909574
453125747
381520619
566258855
96575241
403579058
103625044
558308178
392395762
200310261
337200445
1345753982
356921172
423868018
496545047
1028528653
112843202
556307893
369766522
9484602
67083881
35980772
1666956234
547189155
39606841
2194912916
171326500
1191922052
408526350
264956914
312904311
702331813
281225476
63559352
2170193211
774961946
2327479681
940651
1237650780
255293498
1661438430
20273302
210497352
852161204
1535795821
787754930
1907943324
415235974
478788454
1007708808
570454981
365861452
526735259
588034739
364076695
730817402
749857615
327247221
295188871
250868029
546221952
560274637
161915820
377427738
30502518
346215325
531629675
490450777
538591915
38008090
29189769
230301581
1062007580
503584102
600383725
389767944
191527368
112215445
1056104778
772595755
109366815
445961104
33651156
113505869
18216009
20958083
70280846
611423160
57733928
830167464
26663722
612601633
104260809
287876976
223045758
311242495
52195306
14545332
1973622638
339936116
43176640
619650016
287874224
1028992622
501351103
16321821
1007644088
2327801516
315218538
71934862
791633786
338532461
69737069
384096068
622473959
754317146
118386390
428481565
400295549
477830706
2321645707
66594134
132370643
53833505
355006694
404442181
403101978
136143130
397406176
959891665
520032809
554450915
2211401673
498991940
270145103
1339349052
299825382
537431152
363458070
2246907406
344823771
422877086
539449892
818686393
22852883
230947986
907201508
59170266
856905344
478295879
1119877693
993794454
340356686
830127258
164699743
272649496
445730060
65232597
2348724442
595966737
326517515
405927955
335707897
1413721974
54095646
963284832
384170036
453338897
1128542515
74849416
283303046
243895418
436726603
1332989132
321368497
47977512
32589680
358861650
213895409
595944664
262360972
1287200406
494016003
70782665
776598733
1072367995
76911678
315052142
542121640
630004391
412710678
1490689986
451605439
399019704
1398634886
389762943
458693586
1641095557
444891462
369194942
455138942
861908450
228127641
159125635
362482020
257727971
16799261
514937838
49495650
328090941
63834085
310423929
385519195
284283156
188516506
844126830
335609950
418724391
447204628
133060802
924504870
372009567
17031334
707610217
972513709
2243154008
633974715
349403568
24247129
1021344588
253858382
316842760
363958268
231128218
720568002
20933820
328517214
238695226
340758331
493815611
14679892
1278671756
569615471
1429030141
2374651987
262911572
330759573
617816471
523890904
276091889
2190388845
567387789
351842402
1582025460
620680222
404191410
449319690
437910231
23345253
21544913
215866445
516889835
381607267
69939673
232773504
248735932
118299392
451065197
2268993148
878537306
511337266
61210309
625062453
396116279
400326833
248301208
517996930
2212765642
261871156
906844160
163533867
387472310
95126430
425444542
172786330
497992897
26841261
2306295327
50876058
28821307
785550739
1707927792
415599781
1360353146
465596313
2426145703
334990869
940209558
750090636
250343749
1282026408
363419234
1199238476
1630906536
634828950
344465488
28922171
259538129
405267100
606516185
495647452
56523657
346881230
1654395205
1337444258
386293139
1112820884
1266209869
28590242
69198412
572213547
139886449
785137
268917403
933526698
346032278
37792807
293734543
60333662
254808564
454540618
448406759
379104117
577638702
377499723
273667497
242533552
262957919
1308825092
598798936
898990238
267294664
476394553
478328583
2328023052
380503096
33118970
431790109
1380758688
407990363
418247915
386217032
423929286
603296562
407376432
635128753
1009872876
344179680
1149451872
24635211
39681251
116957648
49368301
900911970
35399633
125147791
2441044951
866889187
801717175
179711840
464681421
59572545
1084283544
283867529
395635624
127733988
2288763090
1641009722
43511654
437084524
633569406
585981766
328196896
53302470
351973263
1201978314
635563761
1046928288
559163168
427128074
755594065
872614644
627033610
2207634789
357014150
92472248
21167356
1158726176
1957413078
515717590
2165651008
1069880251
1399383727
1898649426
292643315
14691200
257267329
355900787
1582396670
2275571376
495209933
1265734928
635713732
2328250320
322985856
60236863
948731497
18922627
347572182
1424356992
383901955
1149547747
262488848
580350006
333419011
374174636
130973557
544708995
249430449
262335366
118218671
1324567999
38572777
311271563
381707826
450989804
266389445
2270289473
901247059
1126810068
92038987
23147668
337771607
1950536108
323011659
293923160
1061761946
239180466
523539873
855708164
423102752
496650534
230346150
443872617
10904
347946677
415932952
1145277384
218281262
16224892
1611296754
1465527372
1447186687
499034281
69191642
62641838
405923419
574755005
298830899
383552836
147408996
69215054
44199763
16508199
1031113188
261287903
34755465
16704192
1442381796
788702430
1000208526
928580802
148058654
37989785
388291007
506319887
328341142
341808452
911503812
985940695
360222158
448485453
171665616
575667889
130916336
49341087
17390856
97193367
15374215
1937518890
178319468
398792057
1459797494
172936629
583460808
1071902227
1081344762
15432750
180163943
24479360
2242816704
270547679
304677321
299372750
2307807317
327587923
2350453652
189870616
514878556
996247603
67181764
517226113
19001870
44988613
1090586317
36988840
1409136810
319767842
365737564
22397456
55661808
778866246
409570769
515094611
325068954
1016538859
257162063
407440492
375618732
1209500479
1329480829
239977224
426785564
1237328906
462098877
34942379
309283803
76793278
364310829
569521721
1027738634
631503667
303492377
620263299
1561628244
103736009
42981528
286027095
453538026
1088056903
280024930
350024954
731888904
503830275
61371470
212068237
521459961
252867450
376361457
50680064
36192770
579944122
475311248
582111594
831841596
1064131039
1852931316
1532415536
119489001
353792211
21533209
257070987
216154254
49602747
107592474
326431480
1022871535
350489388
366433670
1494192031
959147700
275265731
283816640
389140175
1275891049
26314108
2528757813
482468633
481687630
149000728
634268080
32286413
237933188
16075638
60947219
459776416
37761984
572221804
522718370
287339115
21133455
423046861
463210469
1053706855
1113296024
82203536
778571678
282587641
19460711
399801173
415194314
627138221
439717446
418282899
338572903
96399442
55735983
354423520
333823711
1499514151
476059001
419118498
238294954
39626936
118902118
399717723
441439987
346776477
229826755
2246693826
320494890
146964967
328548048
1671581809
181780390
720637328
30227550
75915702
201482951
2220591544
522656150
33782719
503392531
73230834
333682242
45940731
1433486419
519205657
225585159
160952169
705924407
51339823
276283181
549518842
117526827
1064690551
827928841
571793141
364442398
1059544188
443173805
228911014
464820679
29336106
1354663279
221949960
486186705
297655927
624204818
77810553
499506562
526972926
239633854
257729693
261769210
748554751
30396002
2245061568
2413535900
403674803
92574066
270746326
20569692
523789191
441200930
593023079
498993913
455434242
378768749
1711529822
331319149
424208756
779924173
233405172
891753139
62478803
206707072
605971604
602691043
2220037459
1461451734
325177923
874734018
241690640
18448279
2281182440
375697167
283612776
603158957
104004409
542952376
388528559
39415403
20541923
567287108
47802856
1112534874
2348707327
715135563
1049424182
376414141
69631505
28582414
1004981383
289555403
229622235
270845259
521309403
127294825
344397931
284366698
164338144
300009584
49479363
39892789
63780158
136919315
32930588
637045214
50129832
491513584
1085130504
392956703
1525809313
537698614
585218904
132349972
377756675
1172878070
181393944
351335193
407229938
615325753
1055397896
586254799
560765713
615269918
411757515
434641106
175085127
857485886
487761197
2222105006
333263414
389579162
552377342
416702598
1564769322
31468730
1161186974
365641173
496588443
1559627906
54375813
436400766
201919737
838945938
1568823272
30254624
539665464
215265406
783142339
14434390
239892847
139695675
367362150
14259364
261727651
57112601
356944299
28831951
382518900
612200628
374037712
349289298
462624153
204325208
894445129
571092320
2329269266
1635679808
95127823
335700572
285444389
339060131
926337362
174437745
444894213
820459184
579203206
1611670422
16271908
321937906
1521008935
714745788
259329978
431889135
777437496
334859057
38105692
482323615
79567316
33029513
1074819648
21223776
31263956
1656225642
335024994
217536107
766704828
349766653
616520511
62702847
350008075
18022253
329455249
298833831
392883558
1045856108
1220910787
16916545
2381093764
317570487
448497564
247753267
150341152
20878234
432130694
241263130
857377944
375346373
25741501
917574763
424752333
178942497
745431828
145454147
624359401
631655994
41474458
1488890551
353802074
2267887974
379258317
1347472008
56288844
252890970
47691530
296914044
1414291964
37839242
817589875
370943526
1563614216
325612881
1607423166
240866980
19313718
1523229212
222657486
860545783
1575787590
172123903
297111286
309849014
2382646640
714838525
304738062
15373344
1195655948
448327155
507968895
128333327
70452912
608510288
1194974436
89241342
206934301
385051124
48562824
1032041587
113717416
283851203
446357854
131709086
1059221851
1371157495
393091456
571423372
18871454
1511955152
207757911
406362194
1519913785
62443864
178268535
259115781
1285004155
977152106
499251151
611246828
378875186
814114022
385904549
1155770851
2249043745
286918854
73655484
2152974129
352066397
2278314566
258332940
200351318
33324134
556325102
536843902
250847754
1724073702
315375757
240064122
17987054
276070804
1194990410
980596303
2165017942
1454301924
621289926
994292119
314348764
2287597632
348802687
40280950
355019139
113258212
1046676444
395517617
346237801
378902489
353135053
715412676
364098507
22964280
1444582038
1635964549
19951049
383855625
537859788
426940446
1370953566
10203202
110272658
251324177
410802863
1080648193
424589675
1706991684
180158819
505351403
1488705960
31236811
616725811
298329310
403795565
1429047570
281351557
790579464
61597811
461430710
402952929
973057615
400775386
29531165
383857997
1072802917
1198554823
49724329
355324534
305823045
185302020
60980821
499010629
261490927
418686614
463931208
214635703
94030975
317972045
1289016601
636816950
613014859
501466384
24354557
406554871
133432374
39083209
33556070
51261064
237990326
517028301
547220904
46243666
74814357
431985648
137240004
120327894
837851773
94473636
608395161
46151227
134921337
801470581
549719051
170755619
494655320
320865755
625956323
595272678
404274377
263886213
303073425
349960914
420063323
707738203
83522355
403612885
407464655
197263943
537885071
359514121
415924621
259803675
2379616386
429612451
940050781
308281899
396092245
373720988
148096076
1882884583
707457445
157823808
619204067
477326520
1060827348
1051310828
542039748
1317584653
613893464
633226717
1378427660
348875277
256652665
110045004
420866545
393844977
842461728
100922980
147354110
330493382
1510406886
270091427
450065628
1095731310
17948439
343363946
1222914954
433670183
152829562
1220380135
480023194
347766979
50324167
29535464
20253233
425445426
825289016
539588852
346586886
254303716
592749190
590616035
307517184
787372567
280840876
78431692
391123506
492597566
302621112
24545353
493072051
256789763
30909445
19572858
452553250
229996827
315806893
523157718
116818753
549724649
22156308
979686350
602754314
2174321
53697871
203994811
1035460604
417503109
350681862
344177736
237070302
351818219
1042674570
25623336
398144309
812250067
425557810
349067035
1167603404
420632620
474365027
79338978
426885643
546447023
588250279
1880237430
2355899855
1862851183
165153571
64107533
20324038
613759503
474452909
377518542
1711677194
70834858
905423870
2335845163
211957109
619659452
381686143
290068304
480755255
56501179
849897866
1240082899
790710684
255417076
511340084
1154696450
426177366
567419455
221144641
110920497
37327158
432828289
55229718
538617618
597676376
246918918
224045457
1918582429
186134059
32929775
495472339
1574338916
420082040
26311825
899057708
426978756
101423802
159010532
266365915
636520061
39908130
322870307
266051399
538498640
377395987
95725634
358314099
1175886769
1370963827
340264770
48748710
1217451715
141236826
2216467178
1357008080
1129144490
634767648
915047461
2246795642
505989443
352108044
99133259
223927431
1209606193
15634564
51474258
365108939
1649125118
423699725
308743956
727155462
627280157
534653246
278207869
1131925892
2363209686
334084771
903935126
103155656
157803849
18901016
420090376
1539628968
309574664
1959680778
2571155457
34624104
415578939
495574872
626086472
1608652849
1454801581
201574137
632352728
993145940
519853006
545707361
830548507
269519014
261933134
241338957
601161972
1195056175
1567433558
355931401
114620536
513936959
29422988
296789810
48070733
119163005
492388370
1064600264
232706669
1328363922
205459636
19168149
40378935
2334978148
85177686
276110836
25017892
544479937
105246841
1663935805
15747084
115996449
2254931929
221855422
390719515
68006100
67135237
225930992
278789662
19358184
373785209
52863106
376439541
1046304024
211967480
411183367
400493924
271402490
32540274
1232802822
1019748918
434518714
20739504
460509682
231139287
322881012
1580809015
727333003
434980795
586729933
264448173
538578666
246119373
1737301633
59287473
717105452
130282441
322963021
341909039
480828212
262751054
345637983
1571940319
1247990809
279625832
566005623
2205145662
980660354
352878217
17917257
971275297
79038400
467106382
410249148
293796808
39336746
327620502
354506908
156107830
66169068
546950575
178472389
70533195
536643130
561262655
260506872
606026989
44259561
64810613
29548883
2350206902
397042349
545476999
562402566
343512769
344232263
260474804
2178746244
318059658
197181270
452240528
221530391
126691744
312695915
1056473960
290242643
74033324
433784683
864426252
112563685
415917888
2295089436
168706642
51459457
55246119
421444413
537628430
783244304
465210219
594837932
412663170
271646728
260454228
267481385
989718254
28234407
475499921
2230724670
479260754
195836095
58353613
237951376
861980526
2324484889
21331235
63228772
2395129399
34337589
1041423830
120919923
287472635
48180050
536873277
567447171
1164664627
449515238
1335299138
707959034
35884944
18533719
178747189
249805079
2216745450
2170048965
374259313
127553471
386780371
315853860
251236197
519019068
1915249646
533606625
1419303678
71598880
30245995
1893462830
1018234178
730638486
390276345
413589401
472459893
1306938734
472573645
164251112
834873644
434450832
312370947
318635982
1578275360
149923918
64890601
861511147
930866282
537722414
724323505
379934287
469764517
71623
1022631475
754472635
368653006
470474672
141818542
49977558
308246470
56838433
517160098
65963074
58796904
1168994888
486369936
516151662
162592512
757759956
451844229
503898126
317931954
162933376
40388620
209616771
414892681
231618677
1664381988
405141430
59800703
555702633
179218508
598677046
161600560
290623184
937180165
2256782228
437031210
1090393315
1090723568
364932529
165451166
485751696
605964274
829846897
967116044
496406549
247611959
393078334
582221384
334388079
448519164
186519260
42967064
745920942
552770773
426819771
223948981
19945871
1578418512
77360762
1170378925
1231903356
555257318
425566128
283122186
545426187
453482634
330740018
473047004
151724125
576709098
389272264
522741545
1096948387
565050653
338335970
439415905
80727944
551099358
709644468
983214138
23625230
116082295
185042047
1040123132
175607356
433923349
19930594
48815976
73245057
337466585
817886420
1641929947
2351677024
422125453
826342543
382960914
427970045
963113228
24766630
258215369
458995643
327735399
221828116
1390128277
21950044
94219016
223307256
16674208
101147065
414505462
866717342
323585283
155034383
1263697376
308843246
406495990
71611608
1227579402
332397611
1018547508
413494709
27061618
36691113
14530341
473486857
387485591
217511601
339342547
21000267
621512044
104010520
257193511
318143431
404514142
1488267752
23334615
428700069
60434210
410030751
549657659
464792211
364360164
264935831
406663613
1335170641
1614078366
1320925820
81192650
230597829
2284260062
1350406669
479251801
1443792175
924625424
2278141557
420547330
22836586
189485265
489543855
1023360092
38281937
238992275
61568018
291897800
454265504
25789034
394777249
266951948
374231311
2214278960
152384002
256069170
221880913
295302187
432865796
932021414
265760773
158479799
115065835
204182899
370515167
435849229
250141273
334356021
334184557
313440615
820769598
338278007
992070768
89239568
715258417
2155480407
401465222
2246485334
2184222147
48346395
2151670762
16213045
212389393
1571301990
287776414
1430813294
366744934
862360380
494395788
614946264
431115158
19560480
414473795
41061226
291917416
369296661
426296467
25164879
453670164
378274152
794563220
548795294
440507343
69184956
164126202
51200069
77789660
236503102
463196774
256632293
844786146
726244110
596040783
580276279
453584312
328056560
61064857
1228410716
283689974
39384997
238004622
60343127
378226743
878943438
429557237
480041072
391104271
869898884
359464095
60726440
423888893
92880306
457183426
299372871
417477030
38454964
840892974
86156881
948561727
207809893
588508580
1928773364
340087722
969291056
1893623712
350362011
517856221
29020637
423021827
1112568788
468985067
354124940
51601803
29437680
20480469
837822228
852072780
161596494
67751468
547220733
414366007
122756332
600998394
572039474
1676975820
170237970
321011481
263728592
497391737
394402687
580852006
503698891
445685851
1098522913
241221624
366863142
414481496
414353845
439739750
400376164
365545688
150019054
635806238
224815454
394792102
1131009248
335345484
26667617
741962574
856303596
544322641
287893393
365877563
1491956594
1011212107
1920639852
153515212
813979632
724836084
753604951
410118056
417212090
543605673
219071416
89861862
2199902341
520544916
2515604146
2501139927
706163760
222242649
630796976
99625440
440465033
424664729
583586246
705896521
223643459
1340775512
1093897003
378014828
445317020
480931186
988212583
1365236226
934620691
401754142
306234840
346219713
385716320
85659268
393004066
375779861
452570879
1025129870
276814234
378911470
956719920
34475336
5751162
623307218
1490133378
339147429
273251264
407377222
93975949
525926754
942318462
409295172
1370739848
1977033576
26924916
138843410
728560488
319832184
280824551
132695835
387969894
20953256
799026776
45964771
1697937259
477174691
173239771
443076622
571344460
43455305
604049022
115444285
501067606
580230881
1040177516
1491990126
252707124
115846519
66068118
274160685
818599891
1191644245
161847323
52556936
378271585
254720907
1132978315
224375425
494629990
772142016
300979737
343115788
256349527
308142900
520787975
28566245
387688486
597727630
425320980
519012887
506566934
809917154
75282696
616638148
874340984
205356499
64248502
441342892
348851233
606701178
553146667
1457236814
89532981
434533936
22629449
272665022
287293125
208326889
441359949
369550263
324781022
129881759
104001356
2431230927
419783706
620609136
29316881
1321525598
818833482
1917907424
1000024688
1022853510
178109630
269418973
472472747
26842169
189590971
2310939379
286714608
397579648
24957185
259972211
352503585
33568315
378929859
596916861
326887460
477324659
758284261
339074477
226060958
505010396
204505963
434549510
577238207
1135496947
284760501
1724258521
175968793
1219659205
54808305
774674330
350051804
295689506
28217386
416644931
525040283
406428935
1552293775
37213910
877134919
329118726
471561184
900925218
29036253
590260057
351846217
487843108
31244493
60401324
1451724498
1856081532
465180281
89012954
1332619734
1031650466
388319544
412619000
475152696
792400040
373935962
428629861
1733866838
54212181
437917973
1192327735
364606289
924399781
64543801
1680589088
171811170
292889426
393841571
313644673
74417000
852951014
14360516
326376043
416734236
1973520542
276172891
1114772023
30130787
144015209
457680772
77552505
425487947
30803553
225090222
26008201
17996225
1891413276
322264283
527547886
1948412226
171511603
176427745
479155028
160768197
560451715
608313203
509393552
1332821540
388394097
446740993
499313095
568515002
351879629
85944118
454356318
17701258
248032871
327992205
92893668
537631235
874825374
549647392
626155479
234951871
1018784700
856727676
1254510174
25461520
41192517
263782362
178143894
1343140057
371303337
2172023943
278065375
72163208
1613533657
1229370164
1053365054
366408632
480958205
431153265
25896434
342447371
1486243603
47270579
526354967
1287235652
327093714
155319365
26821056
45939311
1948000260
575055291
364985447
1228902240
255164014
431161784
615502247
290517255
1043613408
40126789
184228033
403009970
50207209
1368666025
257368712
415211793
201052085
85004994
297096773
100833768
294876869
47543706
414263747
34836586
876734071
46871299
322693916
1483295791
1016914069
197438242
1583109697
286166911
378701632
774926011
336857045
217669434
977058858
768380431
383963805
1036588568
108823920
2381223194
633053300
42546031
183060793
1154659621
203690332
384621166
313605446
954526356
338095547
343161278
230863523
239244714
14546690
357231302
393650316
16752739
1866103183
386183139
472417391
2227789988
174311010
2229992139
520161799
27178689
314311593
740003864
576680996
433849380
390314997
567581408
300333254
176303880
470431531
55438857
16701577
448426605
44183146
770634931
14973356
281733003
70151037
240424423
307101209
401591183
1450501442
2560636917
28158184
318813505
49781194
440596767
548898135
2564197456
800057042
363976118
112562701
131292817
292076528
468800597
973062330
575691709
618397983
294848001
1386737119
597054105
1267481234
14285060
311074715
16366972
495401193
267049429
297598994
516627734
414421277
532684566
750644150
581434264
1708236668
945107396
358481376
220799041
1349310098
513505109
2284026633
783272972
727593690
307965155
863968422
358467462
480011748
781673407
1705656456
512492738
404438237
331936973
973176920
329037621
296300582
466081422
30595012
350993275
206510109
887921251
516084350
702115194
305404582
414431721
1341895477
1021214665
17597118
497866111
32265491
52392653
47029506
585144515
351024796
160799168
25391942
497024634
829574778
468062969
29342854
406358674
1354643545
1564649071
58007379
97905220
108686584
557977722
311465425
284087236
166226847
279822493
619537853
43967288
722411102
1950465541
1066367714
889887966
474344902
430871596
1512141576
23375934
1318632763
1510827620
122998667
397554649
246976393
322919952
491584859
770404412
2157853455
1041272562
478062766
206006462
30713122
423081090
501411013
565994500
57537303
792052573
628805345
411935028
415030595
336158511
306322857
614257329
536641683
2198877865
836238096
1123510813
378313959
382986452
619414560
66518296
606065091
346892364
446055013
605628637
73249189
1445330024
453710593
570444440
318169509
606840516
330128754
272962226
807846793
628479203
1383135804
102447325
2326442354
1038564589
500871721
385174484
16683932
563162182
163374913
759643260
89352868
924683520
21221343
127645547
1613348562
344962522
219911571
290966459
2361611087
17155112
1093290402
484349329
1616462143
20645930
2152238627
365207986
1137927260
437147170
323402810
1040887286
61697098
26746155
345653080
489916949
247930684
580468452
2153046147
705130381
134939857
61177766
319435013
270608637
1944696308
587669249
2295491943
377704286
284651611
2318194909
485064664
33461229
430329135
1906558387
448363002
2245792684
18004114
846491263
103058893
48763478
37459134
466673585
242894674
2540525137
44038635
28943578
840232524
185411807
565665988
430225849
412606686
344172524
1154435958
77908705
2159004673
1325904354
1365203119
50738614
17103264
243390119
21776992
608439146
590303752
79315485
100047569
324765255
1917368714
276736041
466043522
179686132
620233767
2462498369
1217198761
221780652
1043528408
359660607
452376580
392177831
621111983
359066658
573062761
1126662620
626108026
357506359
262993486
513235881
274847843
822124153
600926110
394450745
111740142
422919131
364939041
599512672
292121632
1682009833
55673078
26908464
851556978
342184534
897963757
428762317
1461069716
383343083
506957372
549567187
88318161
193066665
22961220
356726929
789800514
251805821
989491346
411105457
2180569571
208693965
1384745587
1666658816
54279220
314228498
17390332
807903637
178322773
1508497446
384645025
792301040
366375921
318053091
72039680
1374930559
420512172
539477310
350461823
600513981
83215390
732177674
1544098716
250939457
424728081
15941420
625762452
576651238
956497724
46441974
374128846
366195774
306213478
458467970
189111942
304572347
442240220
357041705
1628463314
421596539
155244516
355106983
385776001
408546502
1362351768
560042036
246070590
329933825
159148612
232364537
469999749
339829402
270651810
315962491
1149978073
782412901
403447652
211941094
983820751
620489552
1220338074
464243612
1013637804
350474801
235704486
166717236
400245010
365711493
33196667
393606185
509529484
30332048
171217636
52865666
35624142
466147644
739734811
702154226
1131992796
247662214
395688887
352048428
32448651
933155455
512832525
349265907
308161306
601453237
174071986
186944989
236600541
24291386
750560408
236073043
97304351
362887420
1651090016
432855226
364037306
439438020
355521822
314706154
467925384
458746909
317225601
40975164
869523318
34121343
434925329
431865706
1026852025
165533810
240340369
1244707862
343709777
443400056
398363862
154972955
415908401
292719267
356460897
104917215
1798375448
203068349
355928693
30959996
469913848
386229466
479117482
21925880
853394138
117333409
318086551
457928072
366693132
501449101
1306313796
34299571
889790179
64649906
341587941
373496439
182076907
759680124
1522551925
25903997
726729408
27970716
904764986
843994315
270670122
45707606
456320796
35773449
52616439
523645483
309678370
488762063
129375440
110475276
1674306020
441646435
540879451
834139326
2182740978
859378327
364251938
1624350750
584277354
260952366
9630642
219430753
1378285626
65308647
221875816
739436941
2499036055
53538172
555262119
318149575
356944588
100856683
296565999
18272298
20520708
167179899
24314652
1716626490
429968583
587885491
543758417
1113053568
1836829722
862299974
78312964
124303761
35483772
573008733
261771830
34122995
1939421635
27493272
930711578
361929272
1697467182
179637474
554702379
15404067
1038217357
359962764
1251659378
14445071
844701841
389768453
206164527
242169212
284247341
707641555
1305799087
759532262
911378420
280235566
411966426
147072822
92372826
135254544
195193253
379371616
152005772
575882619
944561604
2436428036
924514842
415886723
369765629
423821388
69514121
39391033
501236334
1463137878
357858345
785799013
1414256755
251422975
631294126
1206014317
20279990
265004323
193940022
394003638
456156845
465272705
2198493529
337891465
716868412
78142155
551413253
227071663
1014069355
447648642
1700625048
739435914
768261468
449187035
205247367
317962676
267379984
177915341
470330646
257603013
878289943
2256224709
389193126
298843008
71320763
404587732
154315402
356599335
634613569
377782593
206863274
342447842
1180282440
311662376
374068811
576327046
1656681480
2203533196
536749763
286357703
97005194
1015495627
854706373
15841837
186368062
253246643
218176796
443791903
319875198
275078087
805312279
6903972
858460928
805953428
85691557
486981837
412372741
33464784
372609477
827997786
371925973
2276684340
1149145596
385624219
1163869782
524623119
2312366358
116301118
127351848
281107327
167294961
1018829778
420546943
150381292
355334100
43888638
2166562963
91627573
598965765
179519336
339199038
573140075
560745557
539561988
713633864
333852166
1321534339
33520350
265671627
75961577
326090119
503246270
364354362
610321879
2590024973
946318724
309746544
373058646
609779575
85407685
338176069
95716271
207771451
578521628
81704278
39862339
497548705
776503448
162574603
966976658
100897831
287179701
69642388
363733989
29887363
338676827
1318998230
30932693
570436235
2336963960
154864739
14737460
453549933
167806361
25829907
425642005
371957360
14187944
437009114
229543124
22043582
35626341
490523217
779430985
272629029
224855976
326282931
6216572
1938124316
270095840
1267737150
349281690
755554916
628796115
33663917
28180862
454417592
1233045228
234454104
14787705
460855034
2229612772
236601110
819642522
379327237
206394578
790105279
768565458
258543232
40747294
434636746
29580955
374645059
430019392
156734366
383901616
342392954
1483857498
328665638
552379861
526987103
797922890
380004038
65228014
113200762
335441705
354173100
542965663
36170106
403645417
343480907
764807281
152257613
332297148
18649320
118854763
288303549
1732496971
521420268
67600453
266861558
311179606
216980494
346746092
145779412
1972670262
126319834
412718556
24779087
402169349
221446387
852329670
129390337
45653451
487779307
414400167
766911348
71675638
559630074
1526746596
142101049
481617641
423926706
2338893990
1661119267
74597527
193254685
1112405984
98752257
128145599
603402189
832204920
470450638
512733574
418871718
22543345
532707812
1626732318
856178827
337390596
260912906
54130925
65628485
440418591
393721213
2294499111
462510475
451937434
25667663
1311266005
91117602
437863517
390393929
143697889
1467453380
171766089
288506238
1154869207
187758740
1096724005
495197668
397944202
393014768
81000412
349230592
439497032
2323801693
981835700
414998035
479679560
108710943
153276893
1286446920
1049260280
605097348
1419015805
9358132
278795014
1305122605
2458640145
283820427
150936681
715519858
943700616
354651864
403581292
1128723374
359591067
886117208
713230808
1413785150
54592790
627943495
33927540
126018228
60770700
715836756
754497
345766562
551633967
846233011
114964567
17862656
368451700
242117554
17793565
720986825
1567589844
1616227957
948756846
1063425216
1594031276
378830162
399096976
399769105
2295326648
874860925
937238970
1465574268
592170893
50771272
1942590152
136124889
48157361
58303871
404146016
1938775015
429898297
409635687
380726476
356614037
303583394
390527780
100398146
385196702
1337907127
944360929
69966624
610943863
372938368
924174901
31402706
242997906
262825040
337754272
43808109
930046950
26514157
1546080678
348504601
889097353
772745946
259594872
1468771231
30130419
1907964343
46893742
458067706
466772466
107258702
176514779
442105844
249433362
2519168503
513340343
228092914
242688882
288633371
2402950667
48281126
5470522
81951091
398805944
1099249830
1289899759
614348359
1148454829
1265562433
189814964
59321160
50144000
952661414
277421038
1546750051
807990162
272898886
31548565
1434144188
1918183962
508835021
307541879
1904960569
196587036
297648813
242354165
97578353
5027201
101150072
368999535
299437715
23359535
32579807
339221231
334712733
25992140
1420707086
1429566968
1100034648
106939159
635887831
1640727086
323052689
503722356
851033900
364062585
268304988
496391555
344711523
58254657
558206052
43002789
472512119
530927785
2278272583
474608937
188068596
452498169
402261512
1070497848
2315983202
21704335
46999643
628512679
29299954
330402555
104979781
1367219184
352350467
1949901931
341843747
175630071
375797417
357759494
17475832
37279868
2331083399
58261486
266331299
110871820
422406570
402137465
418914569
328349618
30980803
35957354
274047995
347799913
1456575332
299494910
783268562
478137262
56271890
540939047
522485062
212323786
71270503
623801254
2368449974
2409629557
338421528
292250641
609828279
1164710894
937656944
382267417
486057962
407433963
540243972
477813268
493601601
532266142
65667503
557434944
723079242
452582909
1511673662
29154616
255276297
1134405164
90043545
246516543
457216746
18633699
462979589
40593863
379816682
498132390
97789460
66232137
373730695
2188955955
62259843
587968422
985642562
302080943
118184775
134977824
141991003
471570974
34086127
799377032
258588777
1250369418
1461184315
68472786
447198339
14390473
485777932
1312215020
36130501
390348138
142053465
1227954067
71090492
467028843
267611336
458978221
229669791
180873334
1614349556
251925827
296010186
384537318
1390954994
531856229
416634295
97077634
613497959
168224143
636142942
29812318
399762688
53040142
386935317
32753670
496614199
623943742
186713227
308599755
582361960
164302546
1005568976
59291194
278320408
293450074
24710191
259539492
719077076
32179796
284578814
954042248
499253092
334876737
840888300
381221521
488814710
140488542
337456156
564763277
32501566
261965171
364075870
306871230
1278289566
22840044
1654474495
2414122839
317394281
366141888
402885850
278715872
118858416
384902887
27590675
246993311
242138193
485219614
1700752891
293831713
318244858
248355830
1346032219
1392827431
43196231
333833785
910321819
172983720
24212439
324982369
369124469
564174541
1151464304
415107548
245223776
1557861570
1500409196
36223753
68887842
393615098
862089654
377579190
443131159
489825492
518019798
341807457
162733508
963506797
1096847546
263757052
169650823
2317261361
1480688750
189631911
293257700
1273667125
1235682025
870323894
299482358
18824805
438731540
153920642
44527064
21451513
429562705
486989001
329424876
727594465
401653344
378686326
430317905
59599454
1560604860
270091117
41620153
713653086
262497248
469853573
489395149
78640054
1055354557
240863601
126382407
46253228
34469660
41641466
862209012
364327072
26049500
246091187
2250188977
199756181
353410586
37048835
494256986
822428532
1184133608
390550546
987009745
35303073
168863846
309240233
288840340
17352274
339434234
504805306
838741736
966183715
265836382
476053422
231937049
41262839
867264276
203386168
602158963
317263861
472362889
621835593
838091869
1231196310
707940446
393846957
101530641
163877216
18542686
36373371
33643681
14994922
353920255
30362148
118352647
1681577106
741073039
155368821
2436296434
635169156
16584283
64587591
454773052
45256459
161948133
381683233
862393082
102779310
2522594954
2312970171
2371854348
28924144
30144012
1411750597
21828558
418194101
295326304
589036024
2308759064
375433504
87313228
142135768
57106165
783576895
165513181
288393690
610242883
70080252
264937048
31444485
36979433
701949572
762540199
68827868
878956951
341677851
83300544
60749750
1104964933
466184904
370455428
423830902
1060970616
1716096812
384505253
433149295
347667880
25348246
253902791
838192298
182662066
349366550
79464194
355423908
198595856
450146645
38711554
127725916
34683710
313044056
287933263
1857821527
336328628
465599718
385008232
468097043
1023189288
134531051
252251866
28215411
231244127
54296207
459724364
543749016
246607645
163285325
1199013901
940173715
417203857
634316403
43885961
27188827
368158718
950319913
486073296
68211663
19009802
396076814
240411771
24048601
114308298
62878779
290450546
15803816
876965256
971155861
281785725
404507140
545996429
593136614
124572602
577510557
130730889
394728054
48247505
1035949681
402456543
56297199
400057506
911304553
1270330746
1015947806
1631589889
528162083
33265725
1214079865
510295054
497597027
529591124
1884448057
63501225
284231619
305308431
240924239
182220653
357776371
155120852
1276491536
338794529
154271239
865362180
823844490
421542414
276732277
458873974
481586138
437484615
203793090
557213111
1014109598
299143533
745857422
183028115
8253932
415646751
84444204
514901237
426167317
716525923
285045890
485312374
46569924
295463958
238728915
373575476
45977127
265565247
66276001
344469057
28941414
32685247
1718751890
600223890
158366452
535424330
329700891
510983513
262014700
48357184
273496605
2227888875
357808510
1911990168
599716499
508183752
2181125259
321675625
542138441
392699684
447547463
274177143
465961433
939365652
422300778
337276811
922336981
362301562
421453413
457795783
355301980
1580689579
380662672
1295639797
1297195476
147101061
73211074
422259012
1522634250
424773645
5960242
468501471
276322466
909210930
27178949
509438985
1229088732
1723787610
428380026
131676448
451102426
720911372
453573152
909368190
241757349
29645365
151207141
257834058
1905628531
582414040
16463107
898730768
68156220
19454250
433579435
56170010
