16535264
16568241
19881311
26451519
27970716
30144012
34827278
35834072
38454964
40398774
40918920
45698701
47574752
50390833
51543590
57707109
58261486
60726440
61568018
69178632
71675638
74417000
75356276
110920497
120327894
123379162
131709086
156594920
162459122
176204947
179711840
180426501
185091406
187953380
193155102
204505963
206832380
207296404
221880913
239892847
242046527
245469728
254552973
256349527
258957310
262360972
262987311
263728592
286503685
286714608
293673128
334993383
350489388
356625372
366959229
373155877
377396013
382184863
382405956
384052060
387949689
397386925
398591208
433807489
439733369
460536163
470450388
470974208
479828589
480828212
487077964
488032805
492388370
492511146
499086313
501466384
503830275
504220475
523539873
541178538
549719051
558308178
563375255
573107341
587669249
593259038
613572746
620965481
626108026
708319700
713852245
768380431
770639552
776977777
790627525
798788186
801470581
840649788
843994315
869523318
870323894
973300123
989718254
1007644088
1018829778
1020970950
1038564589
1045758854
1063964017
1090393315
1449278797
1630906536
1635964549
1659074958
1857821527
1866103183
2155451028
2259257397